# 1 amount of Vehicles
param nv :=
3 ;

# 2 amount of Orders
param no :=
4 ;

# 3 amount of locations
param nl :=
7 ;

# 4 amount of factories
param nf :=
3 ;

# 5 factory sets
set N_f_2[1] :=  5 ;
set N_f_2[2] :=  6 4 ;
set N_f_2[3] :=  7 ;

# 6 factory stop capacities
param H :=
1 1
2 2
3 1 ;

# 7 pickup locations for each order
param L_pd :=
1 2
2 3
3 1
4 1 ;

# 8 delivery locations for each order
param L_dd :=
1 7
2 5
3 4
4 6 ;

# 9 location sets
set L_2[1] :=  3 4 ;
set L_2[2] :=  1 ;
set L_2[3] :=  2 ;
set L_2[4] :=  3 ;
set L_2[5] :=  2 ;
set L_2[6] :=  4 ;
set L_2[7] :=  1 ;

# 10 order weights
param Q_kg_2 :=
1 847.7564340609333
2 479.80781472394534
3 1328.6248195747607
4 5352.0216051242905 ;

# 11 order volumes
param Q_vol_2 :=
1 3.8506169500810703
2 0.7395412774715174
3 8.354001377164613
4 17.224437148057106 ;

# 12 cost of no transport
param C_2 :=
1 20228.99442303508
2 25414.859738109244
3 37211.41775462848
4 35803.499142201814 ;

# 13 Locations vehicle can visit
set N_v_2[1] := 1 2 3 4 5 6 7 ;
set N_v_2[2] := 1 2 3 4 5 6 7 ;
set N_v_2[3] := 1 2 3 4 5 6 7 ;

# 14 Orders vehicles can pick up
set N_vp[1] := 2 3 4 ;
set N_vp[2] := 1 2 3 4 ;
set N_vp[3] := 1 2 3 4 ;

# 15 vehicle weight capacity
param K_kg :=
1 12000.0
2 18000.0
3 24000.0 ;

# 16 vehicle volume capacity
param K_vol :=
1 55.0
2 71.0
3 102.0 ;

# 17 amount of distance intervals
param na :=
1 2
2 2
3 2 ;

# 18 amount of weight intervals
param nb :=
1 2
2 3
3 2 ;

# 19 Distance intervals
param B_2 :=
1 1 1500.0
1 2 9999999.0
2 1 1500.0
2 2 9999999.0
3 1 1500.0
3 2 9999999.0 ;

# 20 Weight intervals
param Z_2 :=
1 1 1500.0
1 2 24000.0
1 3 . 
2 1 700.0
2 2 3000.0
2 3 24000.0
3 1 1500.0
3 2 24000.0
3 3 . ;

# 21 cost per kilometer
param C_km :=
1 1 1 0.11574494469165798
1 1 2 0.3723393221028571
1 1 3 . 
1 2 1 0.07716329646110535
1 2 2 0.2482262147352381
1 2 3 . 
2 1 1 0.09622650146484377
2 1 2 0.18318747431342491
2 1 3 0.36580705329403523
2 2 1 0.060485229492187494
2 2 2 0.11514641242558135
2 2 3 0.22993586207053635
3 1 1 0.1543265929222107
3 1 2 0.4964524294704762
3 1 3 . 
3 2 1 0.09645412057638168
3 2 2 0.3102827684190475
3 2 3 . ;

# 22 cost per kilo
param C_kg :=
1 1 1 0.004564315080642704
1 1 2 8.114541859150757E-4
1 1 3 . 
1 2 1 0.0018257260322570804
1 2 2 3.245816743660299E-4
1 2 3 . 
2 1 1 0.0070495605468750035
2 1 2 0.0030595174524933127
2 1 3 0.0011592202655929652
2 2 1 0.0028198242187500006
2 2 2 0.0012238069809973242
2 2 3 4.636881062371856E-4
3 1 1 0.004564315080642704
3 1 2 8.114541859150757E-4
3 1 3 . 
3 2 1 0.0018257260322570804
3 2 2 3.245816743660299E-4
3 2 3 . ;

# 23 fixed costs
param C_fix :=
1 1 1 136.6875
1 1 2 764.94375
1 1 3 . 
1 2 1 1037.970703125
1 2 2 5808.7916015625
1 2 3 . 
2 1 1 100.68095232000002
2 1 2 236.89635840000005
2 1 3 648.2076606720001
2 2 1 930.1870876292295
2 2 2 2188.6755003040694
2 2 3 5988.76333770701
3 1 1 195.31660031999994
3 1 2 1093.0495669759996
3 1 3 . 
3 2 1 2317.1726648638028
3 2 2 12967.584802256317
3 2 3 . ;

# 24 stopping costs
param C_Stop_2 :=
1 1 10.0
1 2 13.0
1 3 12.0
1 4 19.0
1 5 10.0
1 6 19.0
1 7 12.0
2 1 30.0
2 2 39.0
2 3 36.0
2 4 57.0
2 5 30.0
2 6 57.0
2 7 36.0
3 1 40.0
3 2 52.0
3 3 48.0
3 4 76.0
3 5 40.0
3 6 76.0
3 7 48.0 ;

# 25 timewindow amounts at location
param pi_2 :=
1 4
2 4
3 3
4 6
5 7
6 5
7 6 ;

# 26 timewindow lower bounds
param T_l_2 :=
1 1 120.0
1 2 420.0
1 3 1560.0
1 4 1680.0
1 5 . 
1 6 . 
1 7 . 
2 1 120.0
2 2 420.0
2 3 1560.0
2 4 1620.0
2 5 . 
2 6 . 
2 7 . 
3 1 0.0
3 2 360.0
3 3 1440.0
3 4 . 
3 5 . 
3 6 . 
3 7 . 
4 1 120.0
4 2 1560.0
4 3 3000.0
4 4 4440.0
4 5 5880.0
4 6 7320.0
4 7 . 
5 1 0.0
5 2 1440.0
5 3 2880.0
5 4 4320.0
5 5 5760.0
5 6 7200.0
5 7 8640.0
6 1 0.0
6 2 420.0
6 3 1440.0
6 4 1560.0
6 5 2880.0
6 6 . 
6 7 . 
7 1 120.0
7 2 480.0
7 3 1560.0
7 4 1620.0
7 5 3000.0
7 6 3060.0
7 7 . ;

# 27 timewindow upper bounds
param T_u_2 :=
1 1 300.0
1 2 660.0
1 3 1560.0
1 4 1920.0
1 5 . 
1 6 . 
1 7 . 
2 1 360.0
2 2 720.0
2 3 1560.0
2 4 1920.0
2 5 . 
2 6 . 
2 7 . 
3 1 300.0
3 2 660.0
3 3 1440.0
3 4 . 
3 5 . 
3 6 . 
3 7 . 
4 1 300.0
4 2 1860.0
4 3 3000.0
4 4 4440.0
4 5 5880.0
4 6 7320.0
4 7 . 
5 1 180.0
5 2 1680.0
5 3 2880.0
5 4 4320.0
5 5 5760.0
5 6 7200.0
5 7 8640.0
6 1 300.0
6 2 720.0
6 3 1440.0
6 4 1860.0
6 5 2880.0
6 6 . 
6 7 . 
7 1 360.0
7 2 780.0
7 3 1560.0
7 4 1920.0
7 5 3000.0
7 6 3360.0
7 7 . ;

# 28 Travel time
param T_2 :=
1 1 1 . 
1 1 2 867.0282501562915
1 1 3 722.3975678481536
1 1 4 939.8468796178392
1 1 5 622.325043139064
1 1 6 1283.3464715131527
1 1 7 723.2687422220944
1 2 1 867.0282501562915
1 2 2 . 
1 2 3 110.25237124323687
1 2 4 487.6719368633312
1 2 5 477.29346470063444
1 2 6 439.4142306946803
1 2 7 55.01743832447488
1 3 1 722.3975678481536
1 3 2 110.25237124323687
1 3 3 . 
1 3 4 449.5575120161673
1 3 5 391.9483460622755
1 3 6 485.2538105026659
1 3 7 63.135437767890075
1 4 1 939.8468796178392
1 4 2 487.6719368633312
1 4 3 449.5575120161673
1 4 4 . 
1 4 5 407.4706083252967
1 4 6 673.3435962024273
1 4 7 488.5864095108318
1 5 1 622.325043139064
1 5 2 477.29346470063444
1 5 3 391.9483460622755
1 5 4 407.4706083252967
1 5 5 . 
1 5 6 717.8733555596413
1 5 7 438.61448380680605
1 6 1 1283.3464715131527
1 6 2 439.4142306946803
1 6 3 485.2538105026659
1 6 4 673.3435962024273
1 6 5 717.8733555596413
1 6 6 . 
1 6 7 488.13146546015406
1 7 1 723.2687422220944
1 7 2 55.01743832447488
1 7 3 63.135437767890075
1 7 4 488.5864095108318
1 7 5 438.61448380680605
1 7 6 488.13146546015406
1 7 7 . 
2 1 1 . 
2 1 2 888.7039564101988
2 1 3 740.4575070443574
2 1 4 963.3430516082851
2 1 5 637.8831692175405
2 1 6 1315.4301333009814
2 1 7 741.3504607776466
2 2 1 888.7039564101988
2 2 2 . 
2 2 3 113.00868052431778
2 2 4 499.86373528491447
2 2 5 489.2258013181503
2 2 6 450.3995864620473
2 2 7 56.392874282586746
2 3 1 740.4575070443574
2 3 2 113.00868052431778
2 3 3 . 
2 3 4 460.79644981657145
2 3 5 401.74705471383237
2 3 6 497.38515576523247
2 3 7 64.71382371208732
2 4 1 963.3430516082851
2 4 2 499.86373528491447
2 4 3 460.79644981657145
2 4 4 . 
2 4 5 417.6573735334291
2 4 6 690.177186107488
2 4 7 500.8010697486026
2 5 1 637.8831692175405
2 5 2 489.2258013181503
2 5 3 401.74705471383237
2 5 4 417.6573735334291
2 5 5 . 
2 5 6 735.8201894486323
2 5 7 449.57984590197617
2 6 1 1315.4301333009814
2 6 2 450.3995864620473
2 6 3 497.38515576523247
2 6 4 690.177186107488
2 6 5 735.8201894486323
2 6 6 . 
2 6 7 500.3347520966579
2 7 1 741.3504607776466
2 7 2 56.392874282586746
2 7 3 64.71382371208732
2 7 4 500.8010697486026
2 7 5 449.57984590197617
2 7 6 500.3347520966579
2 7 7 . 
3 1 1 . 
3 1 2 910.3796626641061
3 1 3 758.5174462405613
3 1 4 986.8392235987312
3 1 5 653.4412952960172
3 1 6 1347.5137950888104
3 1 7 759.4321793331991
3 2 1 910.3796626641061
3 2 2 . 
3 2 3 115.76498980539871
3 2 4 512.0555337064978
3 2 5 501.15813793566616
3 2 6 461.3849422294144
3 2 7 57.768310240698625
3 3 1 758.5174462405613
3 3 2 115.76498980539871
3 3 3 . 
3 3 4 472.0353876169757
3 3 5 411.5457633653893
3 3 6 509.5165010277992
3 3 7 66.29220965628458
3 4 1 986.8392235987312
3 4 2 512.0555337064978
3 4 3 472.0353876169757
3 4 4 . 
3 4 5 427.84413874156155
3 4 6 707.0107760125487
3 4 7 513.0157299863735
3 5 1 653.4412952960172
3 5 2 501.15813793566616
3 5 3 411.5457633653893
3 5 4 427.84413874156155
3 5 5 . 
3 5 6 753.7670233376233
3 5 7 460.54520799714635
3 6 1 1347.5137950888104
3 6 2 461.3849422294144
3 6 3 509.5165010277992
3 6 4 707.0107760125487
3 6 5 753.7670233376233
3 6 6 . 
3 6 7 512.5380387331618
3 7 1 759.4321793331991
3 7 2 57.768310240698625
3 7 3 66.29220965628458
3 7 4 513.0157299863735
3 7 5 460.54520799714635
3 7 6 512.5380387331618
3 7 7 . ;

# 29 Travel distance
param D_2 :=
1 1 . 
1 2 1292.056500312583
1 3 1134.7951356963072
1 4 1689.6937592356787
1 5 1028.650086278128
1 6 1862.6929430263056
1 7 1250.537484444189
2 1 1292.056500312583
2 2 . 
2 3 184.50474248647376
2 4 785.3438737266625
2 5 740.5869294012689
2 6 652.8284613893607
2 7 86.03487664894976
3 1 1134.7951356963072
3 2 184.50474248647376
3 3 . 
3 4 765.1150240323346
3 5 575.8966921245511
3 6 836.5076210053319
3 7 118.27087553578015
4 1 1689.6937592356787
4 2 785.3438737266625
4 3 765.1150240323346
4 4 . 
4 5 688.9412166505934
4 6 1174.6871924048546
4 7 729.1728190216637
5 1 1028.650086278128
5 2 740.5869294012689
5 3 575.8966921245511
5 4 688.9412166505934
5 5 . 
5 6 1377.7467111192825
5 7 655.2289676136121
6 1 1862.6929430263056
6 2 652.8284613893607
6 3 836.5076210053319
6 4 1174.6871924048546
6 5 1377.7467111192825
6 6 . 
6 7 732.2629309203081
7 1 1250.537484444189
7 2 86.03487664894976
7 3 118.27087553578015
7 4 729.1728190216637
7 5 655.2289676136121
7 6 732.2629309203081
7 7 . ;

