# 1 amount of Vehicles
param nv :=
6 ;

# 2 amount of Orders
param no :=
10 ;

# 3 amount of locations
param nl :=
7 ;

# 4 amount of factories
param nf :=
3 ;

# 5 factory sets
set N_f_2[1] :=  4 7 ;
set N_f_2[2] :=  5 ;
set N_f_2[3] :=  6 ;

# 6 factory stop capacities
param H :=
1 2
2 1
3 1 ;

# 7 pickup locations for each order
param L_pd :=
1 1
2 3
3 2
4 3
5 1
6 3
7 3
8 1
9 1
10 3 ;

# 8 delivery locations for each order
param L_dd :=
1 6
2 5
3 4
4 7
5 7
6 5
7 4
8 6
9 6
10 7 ;

# 9 location sets
set L_2[1] :=  1 5 8 9 ;
set L_2[2] :=  3 ;
set L_2[3] :=  2 4 6 7 10 ;
set L_2[4] :=  3 7 ;
set L_2[5] :=  2 6 ;
set L_2[6] :=  1 8 9 ;
set L_2[7] :=  4 5 10 ;

# 10 order weights
param Q_kg_2 :=
1 398.6391795626321
2 1086.095650538259
3 1984.9944735860793
4 406.1422279861319
5 1844.5833868255816
6 1137.5692681402381
7 5304.8473400024595
8 860.9535636587001
9 1875.2399275446542
10 23013.427798957393 ;

# 11 order volumes
param Q_vol_2 :=
1 1.9125466343384019
2 19.821226091332218
3 22.807402998874128
4 1.3495746616587518
5 7.649589938674967
6 6.31628419467736
7 17.520548031615867
8 7.334998552290363
9 23.16250344319206
10 64.56650484946547 ;

# 12 Locations vehicle can visit
set N_v_2[1] := 1 2 3 4 5 6 7 ;
set N_v_2[2] := 1 2 3 4 5 6 7 ;
set N_v_2[3] := 1 2 3 4 5 6 7 ;
set N_v_2[4] := 1 2 3 4 5 6 7 ;
set N_v_2[5] := 1 2 3 4 5 6 7 ;
set N_v_2[6] := 1 2 3 4 5 6 7 ;

# 13 Orders vehicles can pick up
set N_vp_2[1] := 1 2 3 4 5 6 7 9 ;
set N_vp_2[2] := 1 2 3 4 5 6 7 9 ;
set N_vp_2[3] := 1 2 3 4 5 6 7 8 9 ;
set N_vp_2[4] := 1 2 3 4 5 6 7 8 9 ;
set N_vp_2[5] := 1 2 3 4 5 6 7 8 9 10 ;
set N_vp_2[6] := 1 2 3 4 5 6 7 8 9 10 ;

# 14 vehicle weight capacity
param K_kg :=
1 12000.0
2 12000.0
3 18000.0
4 18000.0
5 24000.0
6 24000.0 ;

# 15 vehicle volume capacity
param K_vol :=
1 55.0
2 55.0
3 71.0
4 71.0
5 102.0
6 102.0 ;

# 16 amount of distance intervals
param na :=
1 2
2 2
3 2
4 2
5 2
6 2 ;

# 17 amount of weight intervals
param nb :=
1 3
2 3
3 3
4 3
5 2
6 2 ;

# 18 Distance intervals
param B_2 :=
1 1 1500.0
1 2 9999999.0
2 1 1500.0
2 2 9999999.0
3 1 1500.0
3 2 9999999.0
4 1 1500.0
4 2 9999999.0
5 1 1500.0
5 2 9999999.0
6 1 1500.0
6 2 9999999.0 ;

# 19 Weight intervals
param Z_2 :=
1 1 700.0
1 2 3000.0
1 3 24000.0
2 1 700.0
2 2 3000.0
2 3 24000.0
3 1 700.0
3 2 3000.0
3 3 24000.0
4 1 700.0
4 2 3000.0
4 3 24000.0
5 1 1500.0
5 2 24000.0
5 3 . 
6 1 1500.0
6 2 24000.0
6 3 . ;

# 20 cost per kilometer
param C_km :=
1 1 1 0.08247985839843748
1 1 2 0.15701783512579273
1 1 3 0.3723393221028571
1 2 1 0.05498657226562501
1 2 2 0.10467855675052853
1 2 3 0.2482262147352381
2 1 1 0.08247985839843748
2 1 2 0.15701783512579273
2 1 3 0.3723393221028571
2 2 1 0.05498657226562501
2 2 2 0.10467855675052853
2 2 3 0.2482262147352381
3 1 1 0.09622650146484377
3 1 2 0.18318747431342491
3 1 3 0.43439587578666683
3 2 1 0.060485229492187494
3 2 2 0.11514641242558135
3 2 3 0.2730488362087619
4 1 1 0.09622650146484377
4 1 2 0.18318747431342491
4 1 3 0.43439587578666683
4 2 1 0.060485229492187494
4 2 2 0.11514641242558135
4 2 3 0.2730488362087619
5 1 1 0.1543265929222107
5 1 2 0.4964524294704762
5 1 3 . 
5 2 1 0.09645412057638168
5 2 2 0.3102827684190475
5 2 3 . 
6 1 1 0.1543265929222107
6 1 2 0.4964524294704762
6 1 3 . 
6 2 1 0.09645412057638168
6 2 2 0.3102827684190475
6 2 3 . ;

# 21 cost per kilo
param C_kg :=
1 1 1 0.0070495605468750035
1 1 2 0.0030595174524933127
1 1 3 8.114541859150757E-4
1 2 1 0.0028198242187500006
1 2 2 0.0012238069809973242
1 2 3 3.245816743660299E-4
2 1 1 0.0070495605468750035
2 1 2 0.0030595174524933127
2 1 3 8.114541859150757E-4
2 2 1 0.0028198242187500006
2 2 2 0.0012238069809973242
2 2 3 3.245816743660299E-4
3 1 1 0.0070495605468750035
3 1 2 0.0030595174524933127
3 1 3 8.114541859150757E-4
3 2 1 0.0028198242187500006
3 2 2 0.0012238069809973242
3 2 3 3.245816743660299E-4
4 1 1 0.0070495605468750035
4 1 2 0.0030595174524933127
4 1 3 8.114541859150757E-4
4 2 1 0.0028198242187500006
4 2 2 0.0012238069809973242
4 2 3 3.245816743660299E-4
5 1 1 0.004564315080642704
5 1 2 8.114541859150757E-4
5 1 3 . 
5 2 1 0.0018257260322570804
5 2 2 3.245816743660299E-4
5 2 3 . 
6 1 1 0.004564315080642704
6 1 2 8.114541859150757E-4
6 1 3 . 
6 2 1 0.0018257260322570804
6 2 2 3.245816743660299E-4
6 2 3 . ;

# 22 fixed costs
param C_fix :=
1 1 1 86.0625
1 1 2 202.5
1 1 3 764.94375
1 2 1 653.537109375
1 2 2 1537.734375
1 2 3 5808.7916015625
2 1 1 86.0625
2 1 2 202.5
2 1 3 764.94375
2 2 1 653.537109375
2 2 2 1537.734375
2 2 3 5808.7916015625
3 1 1 100.68095232000002
3 1 2 236.89635840000005
3 1 3 894.8759938560002
3 2 1 930.1870876292295
3 2 2 2188.6755003040694
3 2 3 8267.721702398621
4 1 1 100.68095232000002
4 1 2 236.89635840000005
4 1 3 894.8759938560002
4 2 1 930.1870876292295
4 2 2 2188.6755003040694
4 2 3 8267.721702398621
5 1 1 195.31660031999994
5 1 2 1093.0495669759996
5 1 3 . 
5 2 1 2317.1726648638028
5 2 2 12967.584802256317
5 2 3 . 
6 1 1 195.31660031999994
6 1 2 1093.0495669759996
6 1 3 . 
6 2 1 2317.1726648638028
6 2 2 12967.584802256317
6 2 3 . ;

# 23 stopping costs
param C_stop_2 :=
1 1 27.0
1 2 27.0
1 3 24.0
1 4 22.0
1 5 22.0
1 6 23.0
1 7 24.0
2 1 27.0
2 2 27.0
2 3 24.0
2 4 22.0
2 5 22.0
2 6 23.0
2 7 24.0
3 1 40.5
3 2 40.5
3 3 36.0
3 4 33.0
3 5 33.0
3 6 34.5
3 7 36.0
4 1 40.5
4 2 40.5
4 3 36.0
4 4 33.0
4 5 33.0
4 6 34.5
4 7 36.0
5 1 54.0
5 2 54.0
5 3 48.0
5 4 44.0
5 5 44.0
5 6 46.0
5 7 48.0
6 1 54.0
6 2 54.0
6 3 48.0
6 4 44.0
6 5 44.0
6 6 46.0
6 7 48.0 ;

# 24 cost of no transport
param C_2 :=
1 40208.718302485475
2 106863.9492118721
3 107615.00781619379
4 37372.87388454201
5 85540.57560027542
6 93873.74349123701
7 102516.40608268439
8 50254.31406139812
9 76224.68259115936
10 326662.65978206135 ;

# 25 timewindow amounts at location
param pi_2 :=
1 4
2 4
3 4
4 4
5 4
6 4
7 3 ;

# 26 timewindow lower bounds
param T_l_2 :=
1 1 0.0
1 2 300.0
1 3 1440.0
1 4 1740.0
2 1 60.0
2 2 1500.0
2 3 2940.0
2 4 4380.0
3 1 0.0
3 2 420.0
3 3 1440.0
3 4 1800.0
4 1 120.0
4 2 1560.0
4 3 3000.0
4 4 4440.0
5 1 120.0
5 2 1560.0
5 3 3000.0
5 4 4440.0
6 1 0.0
6 2 360.0
6 3 1440.0
6 4 1800.0
7 1 0.0
7 2 360.0
7 3 1440.0
7 4 . ;

# 27 timewindow upper bounds
param T_u_2 :=
1 1 240.0
1 2 480.0
1 3 1680.0
1 4 1920.0
2 1 360.0
2 2 1740.0
2 3 3180.0
2 4 4620.0
3 1 300.0
3 2 720.0
3 3 1740.0
3 4 2100.0
4 1 420.0
4 2 1800.0
4 3 3240.0
4 4 4680.0
5 1 420.0
5 2 1740.0
5 3 3180.0
5 4 4620.0
6 1 240.0
6 2 660.0
6 3 1680.0
6 4 2100.0
7 1 240.0
7 2 660.0
7 3 1680.0
7 4 . ;

# 28 Travel time
param T_2 :=
1 1 1 . 
1 1 2 902.2155147239486
1 1 3 965.7086180360433
1 1 4 840.5372047196724
1 1 5 914.6279077917083
1 1 6 269.4963312086792
1 1 7 810.4191965557441
1 2 1 902.2155147239486
1 2 2 . 
1 2 3 1144.4710662201792
1 2 4 830.2943346909811
1 2 5 1.118033988749895
1 2 6 758.9167257074129
1 2 7 1006.6736605491074
1 3 1 965.7086180360433
1 3 2 1144.4710662201792
1 3 3 . 
1 3 4 259.12307751739877
1 3 5 1020.3627769192877
1 3 6 525.5677405573476
1 3 7 261.3646157170324
1 4 1 840.5372047196724
1 4 2 830.2943346909811
1 4 3 259.12307751739877
1 4 4 . 
1 4 5 1020.1779534308665
1 4 6 456.4005800185411
1 4 7 1.118033988749895
1 5 1 914.6279077917083
1 5 2 1.118033988749895
1 5 3 1020.3627769192877
1 5 4 1020.1779534308665
1 5 5 . 
1 5 6 823.0282501562915
1 5 7 1013.5573556590825
1 6 1 269.4963312086792
1 6 2 758.9167257074129
1 6 3 525.5677405573476
1 6 4 456.4005800185411
1 6 5 823.0282501562915
1 6 6 . 
1 6 7 481.28434578085137
1 7 1 810.4191965557441
1 7 2 1006.6736605491074
1 7 3 261.3646157170324
1 7 4 1.118033988749895
1 7 5 1013.5573556590825
1 7 6 481.28434578085137
1 7 7 . 
2 1 1 . 
2 1 2 902.2155147239486
2 1 3 965.7086180360433
2 1 4 840.5372047196724
2 1 5 914.6279077917083
2 1 6 269.4963312086792
2 1 7 810.4191965557441
2 2 1 902.2155147239486
2 2 2 . 
2 2 3 1144.4710662201792
2 2 4 830.2943346909811
2 2 5 1.118033988749895
2 2 6 758.9167257074129
2 2 7 1006.6736605491074
2 3 1 965.7086180360433
2 3 2 1144.4710662201792
2 3 3 . 
2 3 4 259.12307751739877
2 3 5 1020.3627769192877
2 3 6 525.5677405573476
2 3 7 261.3646157170324
2 4 1 840.5372047196724
2 4 2 830.2943346909811
2 4 3 259.12307751739877
2 4 4 . 
2 4 5 1020.1779534308665
2 4 6 456.4005800185411
2 4 7 1.118033988749895
2 5 1 914.6279077917083
2 5 2 1.118033988749895
2 5 3 1020.3627769192877
2 5 4 1020.1779534308665
2 5 5 . 
2 5 6 823.0282501562915
2 5 7 1013.5573556590825
2 6 1 269.4963312086792
2 6 2 758.9167257074129
2 6 3 525.5677405573476
2 6 4 456.4005800185411
2 6 5 823.0282501562915
2 6 6 . 
2 6 7 481.28434578085137
2 7 1 810.4191965557441
2 7 2 1006.6736605491074
2 7 3 261.3646157170324
2 7 4 1.118033988749895
2 7 5 1013.5573556590825
2 7 6 481.28434578085137
2 7 7 . 
3 1 1 . 
3 1 2 924.7709025920472
3 1 3 989.8513334869443
3 1 4 861.5506348376642
3 1 5 937.4936054865009
3 1 6 276.23373948889616
3 1 7 830.6796764696376
3 2 1 924.7709025920472
3 2 2 . 
3 2 3 1173.0828428756836
3 2 4 851.0516930582556
3 2 5 1.1459848384686422
3 2 6 777.8896438500981
3 2 7 1031.840502062835
3 3 1 989.8513334869443
3 3 2 1173.0828428756836
3 3 3 . 
3 3 4 265.6011544553337
3 3 5 1045.87184634227
3 3 6 538.7069340712812
3 3 7 267.8987311099582
3 4 1 861.5506348376642
3 4 2 851.0516930582556
3 4 3 265.6011544553337
3 4 4 . 
3 4 5 1045.682402266638
3 4 6 467.8105945190046
3 4 7 1.1459848384686422
3 5 1 937.4936054865009
3 5 2 1.1459848384686422
3 5 3 1045.87184634227
3 5 4 1045.682402266638
3 5 5 . 
3 5 6 843.6039564101987
3 5 7 1038.8962895505595
3 6 1 276.23373948889616
3 6 2 777.8896438500981
3 6 3 538.7069340712812
3 6 4 467.8105945190046
3 6 5 843.6039564101987
3 6 6 . 
3 6 7 493.3164544253726
3 7 1 830.6796764696376
3 7 2 1031.840502062835
3 7 3 267.8987311099582
3 7 4 1.1459848384686422
3 7 5 1038.8962895505595
3 7 6 493.3164544253726
3 7 7 . 
4 1 1 . 
4 1 2 924.7709025920472
4 1 3 989.8513334869443
4 1 4 861.5506348376642
4 1 5 937.4936054865009
4 1 6 276.23373948889616
4 1 7 830.6796764696376
4 2 1 924.7709025920472
4 2 2 . 
4 2 3 1173.0828428756836
4 2 4 851.0516930582556
4 2 5 1.1459848384686422
4 2 6 777.8896438500981
4 2 7 1031.840502062835
4 3 1 989.8513334869443
4 3 2 1173.0828428756836
4 3 3 . 
4 3 4 265.6011544553337
4 3 5 1045.87184634227
4 3 6 538.7069340712812
4 3 7 267.8987311099582
4 4 1 861.5506348376642
4 4 2 851.0516930582556
4 4 3 265.6011544553337
4 4 4 . 
4 4 5 1045.682402266638
4 4 6 467.8105945190046
4 4 7 1.1459848384686422
4 5 1 937.4936054865009
4 5 2 1.1459848384686422
4 5 3 1045.87184634227
4 5 4 1045.682402266638
4 5 5 . 
4 5 6 843.6039564101987
4 5 7 1038.8962895505595
4 6 1 276.23373948889616
4 6 2 777.8896438500981
4 6 3 538.7069340712812
4 6 4 467.8105945190046
4 6 5 843.6039564101987
4 6 6 . 
4 6 7 493.3164544253726
4 7 1 830.6796764696376
4 7 2 1031.840502062835
4 7 3 267.8987311099582
4 7 4 1.1459848384686422
4 7 5 1038.8962895505595
4 7 6 493.3164544253726
4 7 7 . 
5 1 1 . 
5 1 2 947.3262904601461
5 1 3 1013.9940489378455
5 1 4 882.5640649556561
5 1 5 960.3593031812937
5 1 6 282.97114776911314
5 1 7 850.9401563835313
5 2 1 947.3262904601461
5 2 2 . 
5 2 3 1201.6946195311882
5 2 4 871.8090514255302
5 2 5 1.1739356881873897
5 2 6 796.8625619927835
5 2 7 1057.0073435765628
5 3 1 1013.9940489378455
5 3 2 1201.6946195311882
5 3 3 . 
5 3 4 272.07923139326874
5 3 5 1071.3809157652522
5 3 6 551.8461275852151
5 3 7 274.43284650288405
5 4 1 882.5640649556561
5 4 2 871.8090514255302
5 4 3 272.07923139326874
5 4 4 . 
5 4 5 1071.18685110241
5 4 6 479.2206090194682
5 4 7 1.1739356881873897
5 5 1 960.3593031812937
5 5 2 1.1739356881873897
5 5 3 1071.3809157652522
5 5 4 1071.18685110241
5 5 5 . 
5 5 6 864.1796626641061
5 5 7 1064.2352234420366
5 6 1 282.97114776911314
5 6 2 796.8625619927835
5 6 3 551.8461275852151
5 6 4 479.2206090194682
5 6 5 864.1796626641061
5 6 6 . 
5 6 7 505.34856306989394
5 7 1 850.9401563835313
5 7 2 1057.0073435765628
5 7 3 274.43284650288405
5 7 4 1.1739356881873897
5 7 5 1064.2352234420366
5 7 6 505.34856306989394
5 7 7 . 
6 1 1 . 
6 1 2 947.3262904601461
6 1 3 1013.9940489378455
6 1 4 882.5640649556561
6 1 5 960.3593031812937
6 1 6 282.97114776911314
6 1 7 850.9401563835313
6 2 1 947.3262904601461
6 2 2 . 
6 2 3 1201.6946195311882
6 2 4 871.8090514255302
6 2 5 1.1739356881873897
6 2 6 796.8625619927835
6 2 7 1057.0073435765628
6 3 1 1013.9940489378455
6 3 2 1201.6946195311882
6 3 3 . 
6 3 4 272.07923139326874
6 3 5 1071.3809157652522
6 3 6 551.8461275852151
6 3 7 274.43284650288405
6 4 1 882.5640649556561
6 4 2 871.8090514255302
6 4 3 272.07923139326874
6 4 4 . 
6 4 5 1071.18685110241
6 4 6 479.2206090194682
6 4 7 1.1739356881873897
6 5 1 960.3593031812937
6 5 2 1.1739356881873897
6 5 3 1071.3809157652522
6 5 4 1071.18685110241
6 5 5 . 
6 5 6 864.1796626641061
6 5 7 1064.2352234420366
6 6 1 282.97114776911314
6 6 2 796.8625619927835
6 6 3 551.8461275852151
6 6 4 479.2206090194682
6 6 5 864.1796626641061
6 6 6 . 
6 6 7 505.34856306989394
6 7 1 850.9401563835313
6 7 2 1057.0073435765628
6 7 3 274.43284650288405
6 7 4 1.1739356881873897
6 7 5 1064.2352234420366
6 7 6 505.34856306989394
6 7 7 . ;

# 29 Travel distance
param D_2 :=
1 1 . 
1 2 1328.4310294478971
1 3 1457.4172360720866
1 4 1317.0744094393451
1 5 1327.2558155834165
1 6 476.99266241735836
1 7 1314.8383931114881
2 1 1328.4310294478971
2 2 . 
2 3 1874.9421324403588
2 4 1498.5886693819623
2 5 2.23606797749979
2 6 1293.8334514148257
2 7 1497.3473210982147
3 1 1457.4172360720866
3 2 1874.9421324403588
3 3 . 
3 4 398.24615503479754
3 5 1872.7255538385757
3 6 989.1354811146954
3 7 398.7292314340648
4 1 1317.0744094393451
4 2 1498.5886693819623
4 3 398.24615503479754
4 4 . 
4 5 1496.3559068617333
4 6 844.8011600370824
4 7 2.23606797749979
5 1 1327.2558155834165
5 2 2.23606797749979
5 3 1872.7255538385757
5 4 1496.3559068617333
5 5 . 
5 6 1292.056500312583
5 7 1495.114711318165
6 1 476.99266241735836
6 2 1293.8334514148257
6 3 989.1354811146954
6 4 844.8011600370824
6 5 1292.056500312583
6 6 . 
6 7 842.5686915617028
7 1 1314.8383931114881
7 2 1497.3473210982147
7 3 398.7292314340648
7 4 2.23606797749979
7 5 1495.114711318165
7 6 842.5686915617028
7 7 . ;

