# 1 amount of Vehicles
param nv :=
10 ;

# 2 amount of Orders
param no :=
20 ;

# 3 amount of locations
param nl :=
11 ;

# 4 amount of factories
param nf :=
4 ;

# 5 factory sets
set N_f_2[1] :=  6 ;
set N_f_2[2] :=  7 ;
set N_f_2[3] :=  8 10 11 ;
set N_f_2[4] :=  9 ;

# 6 factory stop capacities
param H :=
1 1
2 1
3 2
4 2 ;

# 7 pickup locations for each order
param L_pd :=
1 3
2 4
3 2
4 5
5 1
6 2
7 4
8 4
9 3
10 4
11 4
12 3
13 3
14 3
15 5
16 1
17 4
18 3
19 1
20 1 ;

# 8 delivery locations for each order
param L_dd :=
1 6
2 11
3 9
4 7
5 8
6 10
7 8
8 8
9 6
10 10
11 11
12 11
13 7
14 9
15 11
16 7
17 8
18 9
19 9
20 6 ;

# 9 location sets
set L_2[1] :=  5 16 19 20 ;
set L_2[2] :=  3 6 ;
set L_2[3] :=  1 9 12 13 14 18 ;
set L_2[4] :=  2 7 8 10 11 17 ;
set L_2[5] :=  4 15 ;
set L_2[6] :=  1 9 20 ;
set L_2[7] :=  4 13 16 ;
set L_2[8] :=  5 7 8 17 ;
set L_2[9] :=  3 14 18 19 ;
set L_2[10] :=  6 10 ;
set L_2[11] :=  2 11 12 15 ;

# 10 order weights
param Q_kg_2 :=
1 1838.122899502904
2 442.46910272661864
3 998.7404682852439
4 648.1277191782771
5 596.4486109046069
6 13288.361857581565
7 1791.9840413880713
8 997.0621906007059
9 741.4646114878149
10 613.3637492256705
11 1696.1715458404522
12 614.5982855112086
13 638.7754935070793
14 1179.504394328832
15 1180.2097006526158
16 1368.0833576499547
17 540.9920423742299
18 22019.337010134524
19 201.76972883226622
20 22094.47517577791 ;

# 11 order volumes
param Q_vol_2 :=
1 21.607410519595057
2 1.1942845802454016
3 2.926699712461979
4 9.466136595369194
5 6.441032167248528
6 45.92841933273872
7 25.21910848783668
8 3.1737935776129604
9 6.673511254632579
10 6.878139540871413
11 14.718428363181788
12 7.183482682120668
13 6.48143441204166
14 14.645867426806811
15 12.971006452844616
16 13.363648088259033
17 1.8341463754909537
18 51.74854654366892
19 2.4311859464870844
20 71.68150907894312 ;

# 12 Locations vehicle can visit
set N_v_2[1] := 1 3 4 6 7 8 9 10 ;
set N_v_2[2] := 1 3 4 6 7 8 9 10 ;
set N_v_2[3] := 1 3 4 6 7 8 9 10 ;
set N_v_2[4] := 1 3 4 6 7 8 9 10 ;
set N_v_2[5] := 1 3 4 6 7 8 9 10 ;
set N_v_2[6] := 1 3 4 6 7 8 9 10 ;
set N_v_2[7] := 1 2 3 4 5 6 7 8 9 10 11 ;
set N_v_2[8] := 1 2 3 4 5 6 7 8 9 10 11 ;
set N_v_2[9] := 1 2 3 4 5 6 7 8 9 10 11 ;
set N_v_2[10] := 1 2 3 4 5 6 7 8 9 10 11 ;

# 13 Orders vehicles can pick up
set N_vp_2[1] := 1 2 5 7 8 9 10 11 12 13 14 16 19 ;
set N_vp_2[2] := 1 2 5 7 8 9 10 11 12 13 14 16 19 ;
set N_vp_2[3] := 1 2 5 7 8 9 10 11 12 13 14 16 19 ;
set N_vp_2[4] := 1 2 5 7 8 9 10 11 12 13 14 16 17 19 ;
set N_vp_2[5] := 1 2 5 7 8 9 10 11 12 13 14 16 17 19 ;
set N_vp_2[6] := 1 2 5 7 8 9 10 11 12 13 14 16 17 19 ;
set N_vp_2[7] := 1 2 3 4 5 6 7 8 9 10 11 12 13 14 15 16 17 18 19 20 ;
set N_vp_2[8] := 1 2 3 4 5 6 7 8 9 10 11 12 13 14 15 16 17 18 19 20 ;
set N_vp_2[9] := 1 2 3 4 5 6 7 8 9 10 11 12 13 14 15 16 17 18 19 20 ;
set N_vp_2[10] := 1 2 3 4 5 6 7 8 9 10 11 12 13 14 15 16 17 18 19 20 ;

# 14 vehicle weight capacity
param K_kg :=
1 12000.0
2 12000.0
3 12000.0
4 18000.0
5 18000.0
6 18000.0
7 24000.0
8 24000.0
9 24000.0
10 24000.0 ;

# 15 vehicle volume capacity
param K_vol :=
1 55.0
2 55.0
3 55.0
4 71.0
5 71.0
6 71.0
7 102.0
8 102.0
9 102.0
10 102.0 ;

# 16 amount of distance intervals
param na :=
1 2
2 2
3 2
4 3
5 3
6 3
7 3
8 3
9 3
10 3 ;

# 17 amount of weight intervals
param nb :=
1 7
2 7
3 7
4 5
5 5
6 5
7 5
8 5
9 5
10 5 ;

# 18 Distance intervals
param B_2 :=
1 1 1500.0
1 2 9999999.0
1 3 . 
2 1 1500.0
2 2 9999999.0
2 3 . 
3 1 1500.0
3 2 9999999.0
3 3 . 
4 1 500.0
4 2 2000.0
4 3 9999999.0
5 1 500.0
5 2 2000.0
5 3 9999999.0
6 1 500.0
6 2 2000.0
6 3 9999999.0
7 1 500.0
7 2 2000.0
7 3 9999999.0
8 1 500.0
8 2 2000.0
8 3 9999999.0
9 1 500.0
9 2 2000.0
9 3 9999999.0
10 1 500.0
10 2 2000.0
10 3 9999999.0 ;

# 19 Weight intervals
param Z_2 :=
1 1 200.0
1 2 600.0
1 3 1000.0
1 4 2000.0
1 5 4000.0
1 6 8000.0
1 7 24000.0
2 1 200.0
2 2 600.0
2 3 1000.0
2 4 2000.0
2 5 4000.0
2 6 8000.0
2 7 24000.0
3 1 200.0
3 2 600.0
3 3 1000.0
3 4 2000.0
3 5 4000.0
3 6 8000.0
3 7 24000.0
4 1 300.0
4 2 900.0
4 3 2000.0
4 4 6000.0
4 5 24000.0
4 6 . 
4 7 . 
5 1 300.0
5 2 900.0
5 3 2000.0
5 4 6000.0
5 5 24000.0
5 6 . 
5 7 . 
6 1 300.0
6 2 900.0
6 3 2000.0
6 4 6000.0
6 5 24000.0
6 6 . 
6 7 . 
7 1 300.0
7 2 900.0
7 3 2000.0
7 4 6000.0
7 5 24000.0
7 6 . 
7 7 . 
8 1 300.0
8 2 900.0
8 3 2000.0
8 4 6000.0
8 5 24000.0
8 6 . 
8 7 . 
9 1 300.0
9 2 900.0
9 3 2000.0
9 4 6000.0
9 5 24000.0
9 6 . 
9 7 . 
10 1 300.0
10 2 900.0
10 3 2000.0
10 4 6000.0
10 5 24000.0
10 6 . 
10 7 . ;

# 20 cost per kilometer
param C_km :=
1 1 1 0.04921874999999999
1 1 2 0.07698120117187499
1 1 3 0.09712862491607663
1 1 4 0.13176321828737853
1 1 5 0.17874798195123726
1 1 6 0.24248679917603672
1 1 7 0.3723393221028571
1 2 1 0.0328125
1 2 2 0.05132080078125001
1 2 3 0.06475241661071779
1 2 4 0.08784214552491905
1 2 5 0.11916532130082488
1 2 6 0.16165786611735786
1 2 7 0.2482262147352381
1 3 1 . 
1 3 2 . 
1 3 3 . 
1 3 4 . 
1 3 5 . 
1 3 6 . 
1 3 7 . 
2 1 1 0.04921874999999999
2 1 2 0.07698120117187499
2 1 3 0.09712862491607663
2 1 4 0.13176321828737853
2 1 5 0.17874798195123726
2 1 6 0.24248679917603672
2 1 7 0.3723393221028571
2 2 1 0.0328125
2 2 2 0.05132080078125001
2 2 3 0.06475241661071779
2 2 4 0.08784214552491905
2 2 5 0.11916532130082488
2 2 6 0.16165786611735786
2 2 7 0.2482262147352381
2 3 1 . 
2 3 2 . 
2 3 3 . 
2 3 4 . 
2 3 5 . 
2 3 6 . 
2 3 7 . 
3 1 1 0.04921874999999999
3 1 2 0.07698120117187499
3 1 3 0.09712862491607663
3 1 4 0.13176321828737853
3 1 5 0.17874798195123726
3 1 6 0.24248679917603672
3 1 7 0.3723393221028571
3 2 1 0.0328125
3 2 2 0.05132080078125001
3 2 3 0.06475241661071779
3 2 4 0.08784214552491905
3 2 5 0.11916532130082488
3 2 6 0.16165786611735786
3 2 7 0.2482262147352381
3 3 1 . 
3 3 2 . 
3 3 3 . 
3 3 4 . 
3 3 5 . 
3 3 6 . 
3 3 7 . 
4 1 1 0.06699218750000001
4 1 2 0.1079206943511963
4 1 3 0.15372375466860833
4 1 4 0.2485093471294286
4 1 5 0.43439587578666683
4 1 6 . 
4 1 7 . 
4 2 1 0.05742187499999999
4 2 2 0.09250345230102536
4 2 3 0.13176321828737853
4 2 4 0.21300801182522439
4 2 5 0.3723393221028571
4 2 6 . 
4 2 7 . 
4 3 1 0.04210937499999999
4 3 2 0.06783586502075195
4 3 3 0.09662636007741093
4 3 4 0.15620587533849792
4 3 5 0.2730488362087619
4 3 6 . 
4 3 7 . 
5 1 1 0.06699218750000001
5 1 2 0.1079206943511963
5 1 3 0.15372375466860833
5 1 4 0.2485093471294286
5 1 5 0.43439587578666683
5 1 6 . 
5 1 7 . 
5 2 1 0.05742187499999999
5 2 2 0.09250345230102536
5 2 3 0.13176321828737853
5 2 4 0.21300801182522439
5 2 5 0.3723393221028571
5 2 6 . 
5 2 7 . 
5 3 1 0.04210937499999999
5 3 2 0.06783586502075195
5 3 3 0.09662636007741093
5 3 4 0.15620587533849792
5 3 5 0.2730488362087619
5 3 6 . 
5 3 7 . 
6 1 1 0.06699218750000001
6 1 2 0.1079206943511963
6 1 3 0.15372375466860833
6 1 4 0.2485093471294286
6 1 5 0.43439587578666683
6 1 6 . 
6 1 7 . 
6 2 1 0.05742187499999999
6 2 2 0.09250345230102536
6 2 3 0.13176321828737853
6 2 4 0.21300801182522439
6 2 5 0.3723393221028571
6 2 6 . 
6 2 7 . 
6 3 1 0.04210937499999999
6 3 2 0.06783586502075195
6 3 3 0.09662636007741093
6 3 4 0.15620587533849792
6 3 5 0.2730488362087619
6 3 6 . 
6 3 7 . 
7 1 1 0.06699218750000001
7 1 2 0.1079206943511963
7 1 3 0.15372375466860833
7 1 4 0.2485093471294286
7 1 5 0.43439587578666683
7 1 6 . 
7 1 7 . 
7 2 1 0.06699218750000001
7 2 2 0.1079206943511963
7 2 3 0.15372375466860833
7 2 4 0.2485093471294286
7 2 5 0.43439587578666683
7 2 6 . 
7 2 7 . 
7 3 1 0.0478515625
7 3 2 0.07708621025085449
7 3 3 0.10980268190614878
7 3 4 0.17750667652102037
7 3 5 0.3102827684190475
7 3 6 . 
7 3 7 . 
8 1 1 0.06699218750000001
8 1 2 0.1079206943511963
8 1 3 0.15372375466860833
8 1 4 0.2485093471294286
8 1 5 0.43439587578666683
8 1 6 . 
8 1 7 . 
8 2 1 0.06699218750000001
8 2 2 0.1079206943511963
8 2 3 0.15372375466860833
8 2 4 0.2485093471294286
8 2 5 0.43439587578666683
8 2 6 . 
8 2 7 . 
8 3 1 0.0478515625
8 3 2 0.07708621025085449
8 3 3 0.10980268190614878
8 3 4 0.17750667652102037
8 3 5 0.3102827684190475
8 3 6 . 
8 3 7 . 
9 1 1 0.06699218750000001
9 1 2 0.1079206943511963
9 1 3 0.15372375466860833
9 1 4 0.2485093471294286
9 1 5 0.43439587578666683
9 1 6 . 
9 1 7 . 
9 2 1 0.06699218750000001
9 2 2 0.1079206943511963
9 2 3 0.15372375466860833
9 2 4 0.2485093471294286
9 2 5 0.43439587578666683
9 2 6 . 
9 2 7 . 
9 3 1 0.0478515625
9 3 2 0.07708621025085449
9 3 3 0.10980268190614878
9 3 4 0.17750667652102037
9 3 5 0.3102827684190475
9 3 6 . 
9 3 7 . 
10 1 1 0.06699218750000001
10 1 2 0.1079206943511963
10 1 3 0.15372375466860833
10 1 4 0.2485093471294286
10 1 5 0.43439587578666683
10 1 6 . 
10 1 7 . 
10 2 1 0.06699218750000001
10 2 2 0.1079206943511963
10 2 3 0.15372375466860833
10 2 4 0.2485093471294286
10 2 5 0.43439587578666683
10 2 6 . 
10 2 7 . 
10 3 1 0.0478515625
10 3 2 0.07708621025085449
10 3 3 0.10980268190614878
10 3 4 0.17750667652102037
10 3 5 0.3102827684190475
10 3 6 . 
10 3 7 . ;

# 21 cost per kilo
param C_kg :=
1 1 1 0.015625000000000003
1 1 2 0.0076904296875000035
1 1 3 0.005795955657958988
1 1 4 0.003885101526975635
1 1 5 0.0026042321173008554
1 1 6 0.0017456493411282298
1 1 7 8.114541859150757E-4
1 2 1 0.00625
1 2 2 0.0030761718750000008
1 2 3 0.002318382263183594
1 2 4 0.001554040610790253
1 2 5 0.0010416928469203415
1 2 6 6.982597364512913E-4
1 2 7 3.245816743660299E-4
1 3 1 . 
1 3 2 . 
1 3 3 . 
1 3 4 . 
1 3 5 . 
1 3 6 . 
1 3 7 . 
2 1 1 0.015625000000000003
2 1 2 0.0076904296875000035
2 1 3 0.005795955657958988
2 1 4 0.003885101526975635
2 1 5 0.0026042321173008554
2 1 6 0.0017456493411282298
2 1 7 8.114541859150757E-4
2 2 1 0.00625
2 2 2 0.0030761718750000008
2 2 3 0.002318382263183594
2 2 4 0.001554040610790253
2 2 5 0.0010416928469203415
2 2 6 6.982597364512913E-4
2 2 7 3.245816743660299E-4
2 3 1 . 
2 3 2 . 
2 3 3 . 
2 3 4 . 
2 3 5 . 
2 3 6 . 
2 3 7 . 
3 1 1 0.015625000000000003
3 1 2 0.0076904296875000035
3 1 3 0.005795955657958988
3 1 4 0.003885101526975635
3 1 5 0.0026042321173008554
3 1 6 0.0017456493411282298
3 1 7 8.114541859150757E-4
3 2 1 0.00625
3 2 2 0.0030761718750000008
3 2 3 0.002318382263183594
3 2 4 0.001554040610790253
3 2 5 0.0010416928469203415
3 2 6 6.982597364512913E-4
3 2 7 3.245816743660299E-4
3 3 1 . 
3 3 2 . 
3 3 3 . 
3 3 4 . 
3 3 5 . 
3 3 6 . 
3 3 7 . 
4 1 1 0.0703125
4 1 2 0.03682136535644531
4 1 3 0.02331060916185379
4 1 4 0.012304996754246532
4 1 5 0.004868725115490448
4 1 6 . 
4 1 7 . 
4 2 1 0.011718750000000003
4 2 2 0.006136894226074222
4 2 3 0.003885101526975635
4 2 4 0.0020508327923744237
4 2 5 8.114541859150757E-4
4 2 6 . 
4 2 7 . 
4 3 1 0.004687500000000001
4 3 2 0.002454757690429688
4 3 3 0.001554040610790253
4 3 4 8.203331169497689E-4
4 3 5 3.245816743660299E-4
4 3 6 . 
4 3 7 . 
5 1 1 0.0703125
5 1 2 0.03682136535644531
5 1 3 0.02331060916185379
5 1 4 0.012304996754246532
5 1 5 0.004868725115490448
5 1 6 . 
5 1 7 . 
5 2 1 0.011718750000000003
5 2 2 0.006136894226074222
5 2 3 0.003885101526975635
5 2 4 0.0020508327923744237
5 2 5 8.114541859150757E-4
5 2 6 . 
5 2 7 . 
5 3 1 0.004687500000000001
5 3 2 0.002454757690429688
5 3 3 0.001554040610790253
5 3 4 8.203331169497689E-4
5 3 5 3.245816743660299E-4
5 3 6 . 
5 3 7 . 
6 1 1 0.0703125
6 1 2 0.03682136535644531
6 1 3 0.02331060916185379
6 1 4 0.012304996754246532
6 1 5 0.004868725115490448
6 1 6 . 
6 1 7 . 
6 2 1 0.011718750000000003
6 2 2 0.006136894226074222
6 2 3 0.003885101526975635
6 2 4 0.0020508327923744237
6 2 5 8.114541859150757E-4
6 2 6 . 
6 2 7 . 
6 3 1 0.004687500000000001
6 3 2 0.002454757690429688
6 3 3 0.001554040610790253
6 3 4 8.203331169497689E-4
6 3 5 3.245816743660299E-4
6 3 6 . 
6 3 7 . 
7 1 1 0.09375000000000003
7 1 2 0.04909515380859378
7 1 3 0.03108081221580508
7 1 4 0.01640666233899539
7 1 5 0.006491633487320606
7 1 6 . 
7 1 7 . 
7 2 1 0.011718750000000003
7 2 2 0.006136894226074222
7 2 3 0.003885101526975635
7 2 4 0.0020508327923744237
7 2 5 8.114541859150757E-4
7 2 6 . 
7 2 7 . 
7 3 1 0.004687500000000001
7 3 2 0.002454757690429688
7 3 3 0.001554040610790253
7 3 4 8.203331169497689E-4
7 3 5 3.245816743660299E-4
7 3 6 . 
7 3 7 . 
8 1 1 0.09375000000000003
8 1 2 0.04909515380859378
8 1 3 0.03108081221580508
8 1 4 0.01640666233899539
8 1 5 0.006491633487320606
8 1 6 . 
8 1 7 . 
8 2 1 0.011718750000000003
8 2 2 0.006136894226074222
8 2 3 0.003885101526975635
8 2 4 0.0020508327923744237
8 2 5 8.114541859150757E-4
8 2 6 . 
8 2 7 . 
8 3 1 0.004687500000000001
8 3 2 0.002454757690429688
8 3 3 0.001554040610790253
8 3 4 8.203331169497689E-4
8 3 5 3.245816743660299E-4
8 3 6 . 
8 3 7 . 
9 1 1 0.09375000000000003
9 1 2 0.04909515380859378
9 1 3 0.03108081221580508
9 1 4 0.01640666233899539
9 1 5 0.006491633487320606
9 1 6 . 
9 1 7 . 
9 2 1 0.011718750000000003
9 2 2 0.006136894226074222
9 2 3 0.003885101526975635
9 2 4 0.0020508327923744237
9 2 5 8.114541859150757E-4
9 2 6 . 
9 2 7 . 
9 3 1 0.004687500000000001
9 3 2 0.002454757690429688
9 3 3 0.001554040610790253
9 3 4 8.203331169497689E-4
9 3 5 3.245816743660299E-4
9 3 6 . 
9 3 7 . 
10 1 1 0.09375000000000003
10 1 2 0.04909515380859378
10 1 3 0.03108081221580508
10 1 4 0.01640666233899539
10 1 5 0.006491633487320606
10 1 6 . 
10 1 7 . 
10 2 1 0.011718750000000003
10 2 2 0.006136894226074222
10 2 3 0.003885101526975635
10 2 4 0.0020508327923744237
10 2 5 8.114541859150757E-4
10 2 6 . 
10 2 7 . 
10 3 1 0.004687500000000001
10 3 2 0.002454757690429688
10 3 3 0.001554040610790253
10 3 4 8.203331169497689E-4
10 3 5 3.245816743660299E-4
10 3 6 . 
10 3 7 . ;

# 22 fixed costs
param C_fix :=
1 1 1 25.3125
1 1 2 75.9375
1 1 3 106.3125
1 1 4 162.0
1 1 5 263.25
1 1 6 374.625
1 1 7 764.94375
1 2 1 192.216796875
1 2 2 576.650390625
1 2 3 807.310546875
1 2 4 1230.1875
1 2 5 1999.0546875
1 2 6 2844.80859375
1 2 7 5808.7916015625
1 3 1 . 
1 3 2 . 
1 3 3 . 
1 3 4 . 
1 3 5 . 
1 3 6 . 
1 3 7 . 
2 1 1 25.3125
2 1 2 75.9375
2 1 3 106.3125
2 1 4 162.0
2 1 5 263.25
2 1 6 374.625
2 1 7 764.94375
2 2 1 192.216796875
2 2 2 576.650390625
2 2 3 807.310546875
2 2 4 1230.1875
2 2 5 1999.0546875
2 2 6 2844.80859375
2 2 7 5808.7916015625
2 3 1 . 
2 3 2 . 
2 3 3 . 
2 3 4 . 
2 3 5 . 
2 3 6 . 
2 3 7 . 
3 1 1 25.3125
3 1 2 75.9375
3 1 3 106.3125
3 1 4 162.0
3 1 5 263.25
3 1 6 374.625
3 1 7 764.94375
3 2 1 192.216796875
3 2 2 576.650390625
3 2 3 807.310546875
3 2 4 1230.1875
3 2 5 1999.0546875
3 2 6 2844.80859375
3 2 7 5808.7916015625
3 3 1 . 
3 3 2 . 
3 3 3 . 
3 3 4 . 
3 3 5 . 
3 3 6 . 
3 3 7 . 
4 1 1 17.035200000000003
4 1 2 48.672000000000004
4 1 3 77.8752
4 1 4 158.18400000000003
4 1 5 367.71696000000003
4 1 6 . 
4 1 7 . 
4 2 1 64.67270584320002
4 2 2 184.77915955200004
4 2 3 295.64665528320006
4 2 4 600.5322685440001
4 2 5 1396.0065504153602
4 2 6 . 
4 2 7 . 
4 3 1 383.01821255321215
4 3 2 1094.3377501520347
4 3 3 1750.9404002432555
4 3 4 3556.5976879941127
4 3 5 8267.721702398621
4 3 6 . 
4 3 7 . 
5 1 1 17.035200000000003
5 1 2 48.672000000000004
5 1 3 77.8752
5 1 4 158.18400000000003
5 1 5 367.71696000000003
5 1 6 . 
5 1 7 . 
5 2 1 64.67270584320002
5 2 2 184.77915955200004
5 2 3 295.64665528320006
5 2 4 600.5322685440001
5 2 5 1396.0065504153602
5 2 6 . 
5 2 7 . 
5 3 1 383.01821255321215
5 3 2 1094.3377501520347
5 3 3 1750.9404002432555
5 3 4 3556.5976879941127
5 3 5 8267.721702398621
5 3 6 . 
5 3 7 . 
6 1 1 17.035200000000003
6 1 2 48.672000000000004
6 1 3 77.8752
6 1 4 158.18400000000003
6 1 5 367.71696000000003
6 1 6 . 
6 1 7 . 
6 2 1 64.67270584320002
6 2 2 184.77915955200004
6 2 3 295.64665528320006
6 2 4 600.5322685440001
6 2 5 1396.0065504153602
6 2 6 . 
6 2 7 . 
6 3 1 383.01821255321215
6 3 2 1094.3377501520347
6 3 3 1750.9404002432555
6 3 4 3556.5976879941127
6 3 5 8267.721702398621
6 3 6 . 
6 3 7 . 
7 1 1 18.827199999999998
7 1 2 53.79199999999999
7 1 3 86.06719999999999
7 1 4 174.82399999999998
7 1 5 406.3985599999999
7 1 6 . 
7 1 7 . 
7 2 1 83.04572487679997
7 2 2 237.27349964799993
7 2 3 379.63759943679986
7 2 4 771.1388738559997
7 2 5 1792.6012898406393
7 2 6 . 
7 2 7 . 
7 3 1 600.7484686683932
7 3 2 1716.4241961954094
7 3 3 2746.278713912655
7 3 4 5578.37863763508
7 3 5 12967.584802256317
7 3 6 . 
7 3 7 . 
8 1 1 18.827199999999998
8 1 2 53.79199999999999
8 1 3 86.06719999999999
8 1 4 174.82399999999998
8 1 5 406.3985599999999
8 1 6 . 
8 1 7 . 
8 2 1 83.04572487679997
8 2 2 237.27349964799993
8 2 3 379.63759943679986
8 2 4 771.1388738559997
8 2 5 1792.6012898406393
8 2 6 . 
8 2 7 . 
8 3 1 600.7484686683932
8 3 2 1716.4241961954094
8 3 3 2746.278713912655
8 3 4 5578.37863763508
8 3 5 12967.584802256317
8 3 6 . 
8 3 7 . 
9 1 1 18.827199999999998
9 1 2 53.79199999999999
9 1 3 86.06719999999999
9 1 4 174.82399999999998
9 1 5 406.3985599999999
9 1 6 . 
9 1 7 . 
9 2 1 83.04572487679997
9 2 2 237.27349964799993
9 2 3 379.63759943679986
9 2 4 771.1388738559997
9 2 5 1792.6012898406393
9 2 6 . 
9 2 7 . 
9 3 1 600.7484686683932
9 3 2 1716.4241961954094
9 3 3 2746.278713912655
9 3 4 5578.37863763508
9 3 5 12967.584802256317
9 3 6 . 
9 3 7 . 
10 1 1 18.827199999999998
10 1 2 53.79199999999999
10 1 3 86.06719999999999
10 1 4 174.82399999999998
10 1 5 406.3985599999999
10 1 6 . 
10 1 7 . 
10 2 1 83.04572487679997
10 2 2 237.27349964799993
10 2 3 379.63759943679986
10 2 4 771.1388738559997
10 2 5 1792.6012898406393
10 2 6 . 
10 2 7 . 
10 3 1 600.7484686683932
10 3 2 1716.4241961954094
10 3 3 2746.278713912655
10 3 4 5578.37863763508
10 3 5 12967.584802256317
10 3 6 . 
10 3 7 . ;

# 23 stopping costs
param C_stop_2 :=
1 1 27.0
1 2 22.0
1 3 21.0
1 4 29.0
1 5 21.0
1 6 29.0
1 7 21.0
1 8 22.0
1 9 24.0
1 10 25.0
1 11 27.0
2 1 27.0
2 2 22.0
2 3 21.0
2 4 29.0
2 5 21.0
2 6 29.0
2 7 21.0
2 8 22.0
2 9 24.0
2 10 25.0
2 11 27.0
3 1 27.0
3 2 22.0
3 3 21.0
3 4 29.0
3 5 21.0
3 6 29.0
3 7 21.0
3 8 22.0
3 9 24.0
3 10 25.0
3 11 27.0
4 1 40.5
4 2 33.0
4 3 31.5
4 4 43.5
4 5 31.5
4 6 43.5
4 7 31.5
4 8 33.0
4 9 36.0
4 10 37.5
4 11 40.5
5 1 40.5
5 2 33.0
5 3 31.5
5 4 43.5
5 5 31.5
5 6 43.5
5 7 31.5
5 8 33.0
5 9 36.0
5 10 37.5
5 11 40.5
6 1 40.5
6 2 33.0
6 3 31.5
6 4 43.5
6 5 31.5
6 6 43.5
6 7 31.5
6 8 33.0
6 9 36.0
6 10 37.5
6 11 40.5
7 1 54.0
7 2 44.0
7 3 42.0
7 4 58.0
7 5 42.0
7 6 58.0
7 7 42.0
7 8 44.0
7 9 48.0
7 10 50.0
7 11 54.0
8 1 54.0
8 2 44.0
8 3 42.0
8 4 58.0
8 5 42.0
8 6 58.0
8 7 42.0
8 8 44.0
8 9 48.0
8 10 50.0
8 11 54.0
9 1 54.0
9 2 44.0
9 3 42.0
9 4 58.0
9 5 42.0
9 6 58.0
9 7 42.0
9 8 44.0
9 9 48.0
9 10 50.0
9 11 54.0
10 1 54.0
10 2 44.0
10 3 42.0
10 4 58.0
10 5 42.0
10 6 58.0
10 7 42.0
10 8 44.0
10 9 48.0
10 10 50.0
10 11 54.0 ;

# 24 cost of no transport
param C_2 :=
1 75964.98452842496
2 81975.4029250767
3 65312.340458408966
4 77510.4081451142
5 50438.01394383879
6 255045.45946548972
7 119396.08444913039
8 89401.55103103301
9 50064.50238331159
10 89336.4474715781
11 108036.57113915143
12 49371.47289292238
13 80741.98955767044
14 78845.41105763853
15 77503.15845474161
16 73741.80175498486
17 83501.20234664624
18 324346.4163325575
19 37763.64571860945
20 330713.6735870301 ;

# 25 timewindow amounts at location
param pi_2 :=
1 4
2 3
3 4
4 4
5 4
6 4
7 4
8 3
9 4
10 4
11 3 ;

# 26 timewindow lower bounds
param T_l_2 :=
1 1 120.0
1 2 420.0
1 3 1560.0
1 4 1920.0
2 1 120.0
2 2 1560.0
2 3 3000.0
2 4 . 
3 1 0.0
3 2 360.0
3 3 1440.0
3 4 1800.0
4 1 120.0
4 2 420.0
4 3 1560.0
4 4 1800.0
5 1 0.0
5 2 300.0
5 3 1440.0
5 4 1680.0
6 1 120.0
6 2 1560.0
6 3 3000.0
6 4 4440.0
7 1 0.0
7 2 300.0
7 3 1440.0
7 4 1680.0
8 1 120.0
8 2 1560.0
8 3 3000.0
8 4 . 
9 1 0.0
9 2 420.0
9 3 1440.0
9 4 1800.0
10 1 0.0
10 2 1440.0
10 3 2880.0
10 4 4320.0
11 1 120.0
11 2 480.0
11 3 1560.0
11 4 . ;

# 27 timewindow upper bounds
param T_u_2 :=
1 1 360.0
1 2 600.0
1 3 1800.0
1 4 2100.0
2 1 300.0
2 2 1800.0
2 3 3240.0
2 4 . 
3 1 300.0
3 2 660.0
3 3 1740.0
3 4 2100.0
4 1 300.0
4 2 720.0
4 3 1740.0
4 4 2100.0
5 1 180.0
5 2 600.0
5 3 1620.0
5 4 1980.0
6 1 300.0
6 2 1860.0
6 3 3300.0
6 4 4740.0
7 1 180.0
7 2 540.0
7 3 1620.0
7 4 1920.0
8 1 420.0
8 2 1740.0
8 3 3180.0
8 4 . 
9 1 300.0
9 2 600.0
9 3 1740.0
9 4 1980.0
10 1 240.0
10 2 1740.0
10 3 3180.0
10 4 4620.0
11 1 360.0
11 2 720.0
11 3 1800.0
11 4 . ;

# 28 Travel time
param T_2 :=
1 1 1 . 
1 1 2 . 
1 1 3 401.28242498100013
1 1 4 743.7947672539884
1 1 5 . 
1 1 6 402.456879171798
1 1 7 502.9553348371048
1 1 8 397.5415944590698
1 1 9 241.91270806332832
1 1 10 370.7145656598629
1 1 11 . 
1 2 1 . 
1 2 2 . 
1 2 3 . 
1 2 4 . 
1 2 5 . 
1 2 6 . 
1 2 7 . 
1 2 8 . 
1 2 9 . 
1 2 10 . 
1 2 11 . 
1 3 1 401.28242498100013
1 3 2 . 
1 3 3 . 
1 3 4 1038.5887300987852
1 3 5 . 
1 3 6 354.2724168966812
1 3 7 1031.8800035092995
1 3 8 300.17222909576503
1 3 9 634.0749947923898
1 3 10 293.16351907344347
1 3 11 . 
1 4 1 743.7947672539884
1 4 2 . 
1 4 3 1038.5887300987852
1 4 4 . 
1 4 5 . 
1 4 6 1298.884987618418
1 4 7 752.3023748642416
1 4 8 1256.6189257902165
1 4 9 606.1185175171887
1 4 10 1296.7445073074996
1 4 11 . 
1 5 1 . 
1 5 2 . 
1 5 3 . 
1 5 4 . 
1 5 5 . 
1 5 6 . 
1 5 7 . 
1 5 8 . 
1 5 9 . 
1 5 10 . 
1 5 11 . 
1 6 1 402.456879171798
1 6 2 . 
1 6 3 354.2724168966812
1 6 4 1298.884987618418
1 6 5 . 
1 6 6 . 
1 6 7 804.4040774185713
1 6 8 1.414213562373095
1 6 9 610.2991496266739
1 6 10 3.162277660168379
1 6 11 . 
1 7 1 502.9553348371048
1 7 2 . 
1 7 3 1031.8800035092995
1 7 4 752.3023748642416
1 7 5 . 
1 7 6 804.4040774185713
1 7 7 . 
1 7 8 796.2348313990467
1 7 9 323.7759289817449
1 7 10 882.8648430072815
1 7 11 . 
1 8 1 397.5415944590698
1 8 2 . 
1 8 3 300.17222909576503
1 8 4 1256.6189257902165
1 8 5 . 
1 8 6 1.414213562373095
1 8 7 796.2348313990467
1 8 8 . 
1 8 9 546.398315464359
1 8 10 2.0
1 8 11 . 
1 9 1 241.91270806332832
1 9 2 . 
1 9 3 634.0749947923898
1 9 4 606.1185175171887
1 9 5 . 
1 9 6 610.2991496266739
1 9 7 323.7759289817449
1 9 8 546.398315464359
1 9 9 . 
1 9 10 544.5935322982862
1 9 11 . 
1 10 1 370.7145656598629
1 10 2 . 
1 10 3 293.16351907344347
1 10 4 1296.7445073074996
1 10 5 . 
1 10 6 3.162277660168379
1 10 7 882.8648430072815
1 10 8 2.0
1 10 9 544.5935322982862
1 10 10 . 
1 10 11 . 
1 11 1 . 
1 11 2 . 
1 11 3 . 
1 11 4 . 
1 11 5 . 
1 11 6 . 
1 11 7 . 
1 11 8 . 
1 11 9 . 
1 11 10 . 
1 11 11 . 
2 1 1 . 
2 1 2 . 
2 1 3 401.28242498100013
2 1 4 743.7947672539884
2 1 5 . 
2 1 6 402.456879171798
2 1 7 502.9553348371048
2 1 8 397.5415944590698
2 1 9 241.91270806332832
2 1 10 370.7145656598629
2 1 11 . 
2 2 1 . 
2 2 2 . 
2 2 3 . 
2 2 4 . 
2 2 5 . 
2 2 6 . 
2 2 7 . 
2 2 8 . 
2 2 9 . 
2 2 10 . 
2 2 11 . 
2 3 1 401.28242498100013
2 3 2 . 
2 3 3 . 
2 3 4 1038.5887300987852
2 3 5 . 
2 3 6 354.2724168966812
2 3 7 1031.8800035092995
2 3 8 300.17222909576503
2 3 9 634.0749947923898
2 3 10 293.16351907344347
2 3 11 . 
2 4 1 743.7947672539884
2 4 2 . 
2 4 3 1038.5887300987852
2 4 4 . 
2 4 5 . 
2 4 6 1298.884987618418
2 4 7 752.3023748642416
2 4 8 1256.6189257902165
2 4 9 606.1185175171887
2 4 10 1296.7445073074996
2 4 11 . 
2 5 1 . 
2 5 2 . 
2 5 3 . 
2 5 4 . 
2 5 5 . 
2 5 6 . 
2 5 7 . 
2 5 8 . 
2 5 9 . 
2 5 10 . 
2 5 11 . 
2 6 1 402.456879171798
2 6 2 . 
2 6 3 354.2724168966812
2 6 4 1298.884987618418
2 6 5 . 
2 6 6 . 
2 6 7 804.4040774185713
2 6 8 1.414213562373095
2 6 9 610.2991496266739
2 6 10 3.162277660168379
2 6 11 . 
2 7 1 502.9553348371048
2 7 2 . 
2 7 3 1031.8800035092995
2 7 4 752.3023748642416
2 7 5 . 
2 7 6 804.4040774185713
2 7 7 . 
2 7 8 796.2348313990467
2 7 9 323.7759289817449
2 7 10 882.8648430072815
2 7 11 . 
2 8 1 397.5415944590698
2 8 2 . 
2 8 3 300.17222909576503
2 8 4 1256.6189257902165
2 8 5 . 
2 8 6 1.414213562373095
2 8 7 796.2348313990467
2 8 8 . 
2 8 9 546.398315464359
2 8 10 2.0
2 8 11 . 
2 9 1 241.91270806332832
2 9 2 . 
2 9 3 634.0749947923898
2 9 4 606.1185175171887
2 9 5 . 
2 9 6 610.2991496266739
2 9 7 323.7759289817449
2 9 8 546.398315464359
2 9 9 . 
2 9 10 544.5935322982862
2 9 11 . 
2 10 1 370.7145656598629
2 10 2 . 
2 10 3 293.16351907344347
2 10 4 1296.7445073074996
2 10 5 . 
2 10 6 3.162277660168379
2 10 7 882.8648430072815
2 10 8 2.0
2 10 9 544.5935322982862
2 10 10 . 
2 10 11 . 
2 11 1 . 
2 11 2 . 
2 11 3 . 
2 11 4 . 
2 11 5 . 
2 11 6 . 
2 11 7 . 
2 11 8 . 
2 11 9 . 
2 11 10 . 
2 11 11 . 
3 1 1 . 
3 1 2 . 
3 1 3 401.28242498100013
3 1 4 743.7947672539884
3 1 5 . 
3 1 6 402.456879171798
3 1 7 502.9553348371048
3 1 8 397.5415944590698
3 1 9 241.91270806332832
3 1 10 370.7145656598629
3 1 11 . 
3 2 1 . 
3 2 2 . 
3 2 3 . 
3 2 4 . 
3 2 5 . 
3 2 6 . 
3 2 7 . 
3 2 8 . 
3 2 9 . 
3 2 10 . 
3 2 11 . 
3 3 1 401.28242498100013
3 3 2 . 
3 3 3 . 
3 3 4 1038.5887300987852
3 3 5 . 
3 3 6 354.2724168966812
3 3 7 1031.8800035092995
3 3 8 300.17222909576503
3 3 9 634.0749947923898
3 3 10 293.16351907344347
3 3 11 . 
3 4 1 743.7947672539884
3 4 2 . 
3 4 3 1038.5887300987852
3 4 4 . 
3 4 5 . 
3 4 6 1298.884987618418
3 4 7 752.3023748642416
3 4 8 1256.6189257902165
3 4 9 606.1185175171887
3 4 10 1296.7445073074996
3 4 11 . 
3 5 1 . 
3 5 2 . 
3 5 3 . 
3 5 4 . 
3 5 5 . 
3 5 6 . 
3 5 7 . 
3 5 8 . 
3 5 9 . 
3 5 10 . 
3 5 11 . 
3 6 1 402.456879171798
3 6 2 . 
3 6 3 354.2724168966812
3 6 4 1298.884987618418
3 6 5 . 
3 6 6 . 
3 6 7 804.4040774185713
3 6 8 1.414213562373095
3 6 9 610.2991496266739
3 6 10 3.162277660168379
3 6 11 . 
3 7 1 502.9553348371048
3 7 2 . 
3 7 3 1031.8800035092995
3 7 4 752.3023748642416
3 7 5 . 
3 7 6 804.4040774185713
3 7 7 . 
3 7 8 796.2348313990467
3 7 9 323.7759289817449
3 7 10 882.8648430072815
3 7 11 . 
3 8 1 397.5415944590698
3 8 2 . 
3 8 3 300.17222909576503
3 8 4 1256.6189257902165
3 8 5 . 
3 8 6 1.414213562373095
3 8 7 796.2348313990467
3 8 8 . 
3 8 9 546.398315464359
3 8 10 2.0
3 8 11 . 
3 9 1 241.91270806332832
3 9 2 . 
3 9 3 634.0749947923898
3 9 4 606.1185175171887
3 9 5 . 
3 9 6 610.2991496266739
3 9 7 323.7759289817449
3 9 8 546.398315464359
3 9 9 . 
3 9 10 544.5935322982862
3 9 11 . 
3 10 1 370.7145656598629
3 10 2 . 
3 10 3 293.16351907344347
3 10 4 1296.7445073074996
3 10 5 . 
3 10 6 3.162277660168379
3 10 7 882.8648430072815
3 10 8 2.0
3 10 9 544.5935322982862
3 10 10 . 
3 10 11 . 
3 11 1 . 
3 11 2 . 
3 11 3 . 
3 11 4 . 
3 11 5 . 
3 11 6 . 
3 11 7 . 
3 11 8 . 
3 11 9 . 
3 11 10 . 
3 11 11 . 
4 1 1 . 
4 1 2 . 
4 1 3 411.3144856055251
4 1 4 762.389636435338
4 1 5 . 
4 1 6 412.5183011510929
4 1 7 515.5292182080324
4 1 8 407.48013432054654
4 1 9 247.96052576491152
4 1 10 379.98242980135944
4 1 11 . 
4 2 1 . 
4 2 2 . 
4 2 3 . 
4 2 4 . 
4 2 5 . 
4 2 6 . 
4 2 7 . 
4 2 8 . 
4 2 9 . 
4 2 10 . 
4 2 11 . 
4 3 1 411.3144856055251
4 3 2 . 
4 3 3 . 
4 3 4 1064.5534483512547
4 3 5 . 
4 3 6 363.12922731909816
4 3 7 1057.677003597032
4 3 8 307.67653482315916
4 3 9 649.9268696621995
4 3 10 300.4926070502795
4 3 11 . 
4 4 1 762.389636435338
4 4 2 . 
4 4 3 1064.5534483512547
4 4 4 . 
4 4 5 . 
4 4 6 1331.3571123088784
4 4 7 771.1099342358476
4 4 8 1288.0343989349717
4 4 9 621.2714804551184
4 4 10 1329.163119990187
4 4 11 . 
4 5 1 . 
4 5 2 . 
4 5 3 . 
4 5 4 . 
4 5 5 . 
4 5 6 . 
4 5 7 . 
4 5 8 . 
4 5 9 . 
4 5 10 . 
4 5 11 . 
4 6 1 412.5183011510929
4 6 2 . 
4 6 3 363.12922731909816
4 6 4 1331.3571123088784
4 6 5 . 
4 6 6 . 
4 6 7 824.5141793540355
4 6 8 1.4495689014324222
4 6 9 625.5566283673406
4 6 10 3.2413346016725884
4 6 11 . 
4 7 1 515.5292182080324
4 7 2 . 
4 7 3 1057.677003597032
4 7 4 771.1099342358476
4 7 5 . 
4 7 6 824.5141793540355
4 7 7 . 
4 7 8 816.1407021840228
4 7 9 331.8703272062885
4 7 10 904.9364640824634
4 7 11 . 
4 8 1 407.48013432054654
4 8 2 . 
4 8 3 307.67653482315916
4 8 4 1288.0343989349717
4 8 5 . 
4 8 6 1.4495689014324222
4 8 7 816.1407021840228
4 8 8 . 
4 8 9 560.058273350968
4 8 10 2.05
4 8 11 . 
4 9 1 247.96052576491152
4 9 2 . 
4 9 3 649.9268696621995
4 9 4 621.2714804551184
4 9 5 . 
4 9 6 625.5566283673406
4 9 7 331.8703272062885
4 9 8 560.058273350968
4 9 9 . 
4 9 10 558.2083706057433
4 9 11 . 
4 10 1 379.98242980135944
4 10 2 . 
4 10 3 300.4926070502795
4 10 4 1329.163119990187
4 10 5 . 
4 10 6 3.2413346016725884
4 10 7 904.9364640824634
4 10 8 2.05
4 10 9 558.2083706057433
4 10 10 . 
4 10 11 . 
4 11 1 . 
4 11 2 . 
4 11 3 . 
4 11 4 . 
4 11 5 . 
4 11 6 . 
4 11 7 . 
4 11 8 . 
4 11 9 . 
4 11 10 . 
4 11 11 . 
5 1 1 . 
5 1 2 . 
5 1 3 411.3144856055251
5 1 4 762.389636435338
5 1 5 . 
5 1 6 412.5183011510929
5 1 7 515.5292182080324
5 1 8 407.48013432054654
5 1 9 247.96052576491152
5 1 10 379.98242980135944
5 1 11 . 
5 2 1 . 
5 2 2 . 
5 2 3 . 
5 2 4 . 
5 2 5 . 
5 2 6 . 
5 2 7 . 
5 2 8 . 
5 2 9 . 
5 2 10 . 
5 2 11 . 
5 3 1 411.3144856055251
5 3 2 . 
5 3 3 . 
5 3 4 1064.5534483512547
5 3 5 . 
5 3 6 363.12922731909816
5 3 7 1057.677003597032
5 3 8 307.67653482315916
5 3 9 649.9268696621995
5 3 10 300.4926070502795
5 3 11 . 
5 4 1 762.389636435338
5 4 2 . 
5 4 3 1064.5534483512547
5 4 4 . 
5 4 5 . 
5 4 6 1331.3571123088784
5 4 7 771.1099342358476
5 4 8 1288.0343989349717
5 4 9 621.2714804551184
5 4 10 1329.163119990187
5 4 11 . 
5 5 1 . 
5 5 2 . 
5 5 3 . 
5 5 4 . 
5 5 5 . 
5 5 6 . 
5 5 7 . 
5 5 8 . 
5 5 9 . 
5 5 10 . 
5 5 11 . 
5 6 1 412.5183011510929
5 6 2 . 
5 6 3 363.12922731909816
5 6 4 1331.3571123088784
5 6 5 . 
5 6 6 . 
5 6 7 824.5141793540355
5 6 8 1.4495689014324222
5 6 9 625.5566283673406
5 6 10 3.2413346016725884
5 6 11 . 
5 7 1 515.5292182080324
5 7 2 . 
5 7 3 1057.677003597032
5 7 4 771.1099342358476
5 7 5 . 
5 7 6 824.5141793540355
5 7 7 . 
5 7 8 816.1407021840228
5 7 9 331.8703272062885
5 7 10 904.9364640824634
5 7 11 . 
5 8 1 407.48013432054654
5 8 2 . 
5 8 3 307.67653482315916
5 8 4 1288.0343989349717
5 8 5 . 
5 8 6 1.4495689014324222
5 8 7 816.1407021840228
5 8 8 . 
5 8 9 560.058273350968
5 8 10 2.05
5 8 11 . 
5 9 1 247.96052576491152
5 9 2 . 
5 9 3 649.9268696621995
5 9 4 621.2714804551184
5 9 5 . 
5 9 6 625.5566283673406
5 9 7 331.8703272062885
5 9 8 560.058273350968
5 9 9 . 
5 9 10 558.2083706057433
5 9 11 . 
5 10 1 379.98242980135944
5 10 2 . 
5 10 3 300.4926070502795
5 10 4 1329.163119990187
5 10 5 . 
5 10 6 3.2413346016725884
5 10 7 904.9364640824634
5 10 8 2.05
5 10 9 558.2083706057433
5 10 10 . 
5 10 11 . 
5 11 1 . 
5 11 2 . 
5 11 3 . 
5 11 4 . 
5 11 5 . 
5 11 6 . 
5 11 7 . 
5 11 8 . 
5 11 9 . 
5 11 10 . 
5 11 11 . 
6 1 1 . 
6 1 2 . 
6 1 3 411.3144856055251
6 1 4 762.389636435338
6 1 5 . 
6 1 6 412.5183011510929
6 1 7 515.5292182080324
6 1 8 407.48013432054654
6 1 9 247.96052576491152
6 1 10 379.98242980135944
6 1 11 . 
6 2 1 . 
6 2 2 . 
6 2 3 . 
6 2 4 . 
6 2 5 . 
6 2 6 . 
6 2 7 . 
6 2 8 . 
6 2 9 . 
6 2 10 . 
6 2 11 . 
6 3 1 411.3144856055251
6 3 2 . 
6 3 3 . 
6 3 4 1064.5534483512547
6 3 5 . 
6 3 6 363.12922731909816
6 3 7 1057.677003597032
6 3 8 307.67653482315916
6 3 9 649.9268696621995
6 3 10 300.4926070502795
6 3 11 . 
6 4 1 762.389636435338
6 4 2 . 
6 4 3 1064.5534483512547
6 4 4 . 
6 4 5 . 
6 4 6 1331.3571123088784
6 4 7 771.1099342358476
6 4 8 1288.0343989349717
6 4 9 621.2714804551184
6 4 10 1329.163119990187
6 4 11 . 
6 5 1 . 
6 5 2 . 
6 5 3 . 
6 5 4 . 
6 5 5 . 
6 5 6 . 
6 5 7 . 
6 5 8 . 
6 5 9 . 
6 5 10 . 
6 5 11 . 
6 6 1 412.5183011510929
6 6 2 . 
6 6 3 363.12922731909816
6 6 4 1331.3571123088784
6 6 5 . 
6 6 6 . 
6 6 7 824.5141793540355
6 6 8 1.4495689014324222
6 6 9 625.5566283673406
6 6 10 3.2413346016725884
6 6 11 . 
6 7 1 515.5292182080324
6 7 2 . 
6 7 3 1057.677003597032
6 7 4 771.1099342358476
6 7 5 . 
6 7 6 824.5141793540355
6 7 7 . 
6 7 8 816.1407021840228
6 7 9 331.8703272062885
6 7 10 904.9364640824634
6 7 11 . 
6 8 1 407.48013432054654
6 8 2 . 
6 8 3 307.67653482315916
6 8 4 1288.0343989349717
6 8 5 . 
6 8 6 1.4495689014324222
6 8 7 816.1407021840228
6 8 8 . 
6 8 9 560.058273350968
6 8 10 2.05
6 8 11 . 
6 9 1 247.96052576491152
6 9 2 . 
6 9 3 649.9268696621995
6 9 4 621.2714804551184
6 9 5 . 
6 9 6 625.5566283673406
6 9 7 331.8703272062885
6 9 8 560.058273350968
6 9 9 . 
6 9 10 558.2083706057433
6 9 11 . 
6 10 1 379.98242980135944
6 10 2 . 
6 10 3 300.4926070502795
6 10 4 1329.163119990187
6 10 5 . 
6 10 6 3.2413346016725884
6 10 7 904.9364640824634
6 10 8 2.05
6 10 9 558.2083706057433
6 10 10 . 
6 10 11 . 
6 11 1 . 
6 11 2 . 
6 11 3 . 
6 11 4 . 
6 11 5 . 
6 11 6 . 
6 11 7 . 
6 11 8 . 
6 11 9 . 
6 11 10 . 
6 11 11 . 
7 1 1 . 
7 1 2 897.1202585457244
7 1 3 421.34654623005014
7 1 4 780.9845056166879
7 1 5 555.1956881419104
7 1 6 422.5797231303879
7 1 7 528.10310157896
7 1 8 417.4186741820233
7 1 9 254.00834346649475
7 1 10 389.25029394285605
7 1 11 431.0614441901944
7 2 1 897.1202585457244
7 2 2 . 
7 2 3 1082.5581099857252
7 2 4 1.660195771588399
7 2 5 547.3897544363931
7 2 6 1244.630915765252
7 2 7 899.5019527304677
7 2 8 1303.1522182419774
7 2 9 580.6191311041546
7 2 10 1188.8348772463685
7 2 11 1083.3392845225098
7 3 1 421.34654623005014
7 3 2 1082.5581099857252
7 3 3 . 
7 3 4 1090.5181666037245
7 3 5 474.4725319211716
7 3 6 371.98603774151525
7 3 7 1083.4740036847645
7 3 8 315.1808405505533
7 3 9 665.7787445320093
7 3 10 307.82169502711565
7 3 11 361.58512872456845
7 4 1 780.9845056166879
7 4 2 1.660195771588399
7 4 3 1090.5181666037245
7 4 4 . 
7 4 5 604.6869976505891
7 4 6 1363.8292369993392
7 4 7 789.9174936074537
7 4 8 1319.4498720797274
7 4 9 636.4244433930481
7 4 10 1361.5817326728745
7 4 11 1051.3374780573895
7 5 1 555.1956881419104
7 5 2 547.3897544363931
7 5 3 474.4725319211716
7 5 4 604.6869976505891
7 5 5 . 
7 5 6 667.906389448779
7 5 7 962.5524012643389
7 5 8 676.5215202641104
7 5 9 507.7561346374149
7 5 10 626.758886990598
7 5 11 791.1759624189897
7 6 1 422.5797231303879
7 6 2 1244.630915765252
7 6 3 371.98603774151525
7 6 4 1363.8292369993392
7 6 5 667.906389448779
7 6 6 . 
7 6 7 844.6242812894999
7 6 8 1.4849242404917498
7 6 9 640.8141071080075
7 6 10 3.320391543176798
7 6 11 1.4849242404917498
7 7 1 528.10310157896
7 7 2 899.5019527304677
7 7 3 1083.4740036847645
7 7 4 789.9174936074537
7 7 5 962.5524012643389
7 7 6 844.6242812894999
7 7 7 . 
7 7 8 836.046572968999
7 7 9 339.9647254308322
7 7 10 927.0080851576456
7 7 11 846.509899204601
7 8 1 417.4186741820233
7 8 2 1303.1522182419774
7 8 3 315.1808405505533
7 8 4 1319.4498720797274
7 8 5 676.5215202641104
7 8 6 1.4849242404917498
7 8 7 836.046572968999
7 8 8 . 
7 8 9 573.718231237577
7 8 10 2.1
7 8 11 2.1
7 9 1 254.00834346649475
7 9 2 580.6191311041546
7 9 3 665.7787445320093
7 9 4 636.4244433930481
7 9 5 507.7561346374149
7 9 6 640.8141071080075
7 9 7 339.9647254308322
7 9 8 573.718231237577
7 9 9 . 
7 9 10 571.8232089132005
7 9 11 744.8586268848318
7 10 1 389.25029394285605
7 10 2 1188.8348772463685
7 10 3 307.82169502711565
7 10 4 1361.5817326728745
7 10 5 626.758886990598
7 10 6 3.320391543176798
7 10 7 927.0080851576456
7 10 8 2.1
7 10 9 571.8232089132005
7 10 10 . 
7 10 11 2.9698484809834995
7 11 1 431.0614441901944
7 11 2 1083.3392845225098
7 11 3 361.58512872456845
7 11 4 1051.3374780573895
7 11 5 791.1759624189897
7 11 6 1.4849242404917498
7 11 7 846.509899204601
7 11 8 2.1
7 11 9 744.8586268848318
7 11 10 2.9698484809834995
7 11 11 . 
8 1 1 . 
8 1 2 897.1202585457244
8 1 3 421.34654623005014
8 1 4 780.9845056166879
8 1 5 555.1956881419104
8 1 6 422.5797231303879
8 1 7 528.10310157896
8 1 8 417.4186741820233
8 1 9 254.00834346649475
8 1 10 389.25029394285605
8 1 11 431.0614441901944
8 2 1 897.1202585457244
8 2 2 . 
8 2 3 1082.5581099857252
8 2 4 1.660195771588399
8 2 5 547.3897544363931
8 2 6 1244.630915765252
8 2 7 899.5019527304677
8 2 8 1303.1522182419774
8 2 9 580.6191311041546
8 2 10 1188.8348772463685
8 2 11 1083.3392845225098
8 3 1 421.34654623005014
8 3 2 1082.5581099857252
8 3 3 . 
8 3 4 1090.5181666037245
8 3 5 474.4725319211716
8 3 6 371.98603774151525
8 3 7 1083.4740036847645
8 3 8 315.1808405505533
8 3 9 665.7787445320093
8 3 10 307.82169502711565
8 3 11 361.58512872456845
8 4 1 780.9845056166879
8 4 2 1.660195771588399
8 4 3 1090.5181666037245
8 4 4 . 
8 4 5 604.6869976505891
8 4 6 1363.8292369993392
8 4 7 789.9174936074537
8 4 8 1319.4498720797274
8 4 9 636.4244433930481
8 4 10 1361.5817326728745
8 4 11 1051.3374780573895
8 5 1 555.1956881419104
8 5 2 547.3897544363931
8 5 3 474.4725319211716
8 5 4 604.6869976505891
8 5 5 . 
8 5 6 667.906389448779
8 5 7 962.5524012643389
8 5 8 676.5215202641104
8 5 9 507.7561346374149
8 5 10 626.758886990598
8 5 11 791.1759624189897
8 6 1 422.5797231303879
8 6 2 1244.630915765252
8 6 3 371.98603774151525
8 6 4 1363.8292369993392
8 6 5 667.906389448779
8 6 6 . 
8 6 7 844.6242812894999
8 6 8 1.4849242404917498
8 6 9 640.8141071080075
8 6 10 3.320391543176798
8 6 11 1.4849242404917498
8 7 1 528.10310157896
8 7 2 899.5019527304677
8 7 3 1083.4740036847645
8 7 4 789.9174936074537
8 7 5 962.5524012643389
8 7 6 844.6242812894999
8 7 7 . 
8 7 8 836.046572968999
8 7 9 339.9647254308322
8 7 10 927.0080851576456
8 7 11 846.509899204601
8 8 1 417.4186741820233
8 8 2 1303.1522182419774
8 8 3 315.1808405505533
8 8 4 1319.4498720797274
8 8 5 676.5215202641104
8 8 6 1.4849242404917498
8 8 7 836.046572968999
8 8 8 . 
8 8 9 573.718231237577
8 8 10 2.1
8 8 11 2.1
8 9 1 254.00834346649475
8 9 2 580.6191311041546
8 9 3 665.7787445320093
8 9 4 636.4244433930481
8 9 5 507.7561346374149
8 9 6 640.8141071080075
8 9 7 339.9647254308322
8 9 8 573.718231237577
8 9 9 . 
8 9 10 571.8232089132005
8 9 11 744.8586268848318
8 10 1 389.25029394285605
8 10 2 1188.8348772463685
8 10 3 307.82169502711565
8 10 4 1361.5817326728745
8 10 5 626.758886990598
8 10 6 3.320391543176798
8 10 7 927.0080851576456
8 10 8 2.1
8 10 9 571.8232089132005
8 10 10 . 
8 10 11 2.9698484809834995
8 11 1 431.0614441901944
8 11 2 1083.3392845225098
8 11 3 361.58512872456845
8 11 4 1051.3374780573895
8 11 5 791.1759624189897
8 11 6 1.4849242404917498
8 11 7 846.509899204601
8 11 8 2.1
8 11 9 744.8586268848318
8 11 10 2.9698484809834995
8 11 11 . 
9 1 1 . 
9 1 2 897.1202585457244
9 1 3 421.34654623005014
9 1 4 780.9845056166879
9 1 5 555.1956881419104
9 1 6 422.5797231303879
9 1 7 528.10310157896
9 1 8 417.4186741820233
9 1 9 254.00834346649475
9 1 10 389.25029394285605
9 1 11 431.0614441901944
9 2 1 897.1202585457244
9 2 2 . 
9 2 3 1082.5581099857252
9 2 4 1.660195771588399
9 2 5 547.3897544363931
9 2 6 1244.630915765252
9 2 7 899.5019527304677
9 2 8 1303.1522182419774
9 2 9 580.6191311041546
9 2 10 1188.8348772463685
9 2 11 1083.3392845225098
9 3 1 421.34654623005014
9 3 2 1082.5581099857252
9 3 3 . 
9 3 4 1090.5181666037245
9 3 5 474.4725319211716
9 3 6 371.98603774151525
9 3 7 1083.4740036847645
9 3 8 315.1808405505533
9 3 9 665.7787445320093
9 3 10 307.82169502711565
9 3 11 361.58512872456845
9 4 1 780.9845056166879
9 4 2 1.660195771588399
9 4 3 1090.5181666037245
9 4 4 . 
9 4 5 604.6869976505891
9 4 6 1363.8292369993392
9 4 7 789.9174936074537
9 4 8 1319.4498720797274
9 4 9 636.4244433930481
9 4 10 1361.5817326728745
9 4 11 1051.3374780573895
9 5 1 555.1956881419104
9 5 2 547.3897544363931
9 5 3 474.4725319211716
9 5 4 604.6869976505891
9 5 5 . 
9 5 6 667.906389448779
9 5 7 962.5524012643389
9 5 8 676.5215202641104
9 5 9 507.7561346374149
9 5 10 626.758886990598
9 5 11 791.1759624189897
9 6 1 422.5797231303879
9 6 2 1244.630915765252
9 6 3 371.98603774151525
9 6 4 1363.8292369993392
9 6 5 667.906389448779
9 6 6 . 
9 6 7 844.6242812894999
9 6 8 1.4849242404917498
9 6 9 640.8141071080075
9 6 10 3.320391543176798
9 6 11 1.4849242404917498
9 7 1 528.10310157896
9 7 2 899.5019527304677
9 7 3 1083.4740036847645
9 7 4 789.9174936074537
9 7 5 962.5524012643389
9 7 6 844.6242812894999
9 7 7 . 
9 7 8 836.046572968999
9 7 9 339.9647254308322
9 7 10 927.0080851576456
9 7 11 846.509899204601
9 8 1 417.4186741820233
9 8 2 1303.1522182419774
9 8 3 315.1808405505533
9 8 4 1319.4498720797274
9 8 5 676.5215202641104
9 8 6 1.4849242404917498
9 8 7 836.046572968999
9 8 8 . 
9 8 9 573.718231237577
9 8 10 2.1
9 8 11 2.1
9 9 1 254.00834346649475
9 9 2 580.6191311041546
9 9 3 665.7787445320093
9 9 4 636.4244433930481
9 9 5 507.7561346374149
9 9 6 640.8141071080075
9 9 7 339.9647254308322
9 9 8 573.718231237577
9 9 9 . 
9 9 10 571.8232089132005
9 9 11 744.8586268848318
9 10 1 389.25029394285605
9 10 2 1188.8348772463685
9 10 3 307.82169502711565
9 10 4 1361.5817326728745
9 10 5 626.758886990598
9 10 6 3.320391543176798
9 10 7 927.0080851576456
9 10 8 2.1
9 10 9 571.8232089132005
9 10 10 . 
9 10 11 2.9698484809834995
9 11 1 431.0614441901944
9 11 2 1083.3392845225098
9 11 3 361.58512872456845
9 11 4 1051.3374780573895
9 11 5 791.1759624189897
9 11 6 1.4849242404917498
9 11 7 846.509899204601
9 11 8 2.1
9 11 9 744.8586268848318
9 11 10 2.9698484809834995
9 11 11 . 
10 1 1 . 
10 1 2 897.1202585457244
10 1 3 421.34654623005014
10 1 4 780.9845056166879
10 1 5 555.1956881419104
10 1 6 422.5797231303879
10 1 7 528.10310157896
10 1 8 417.4186741820233
10 1 9 254.00834346649475
10 1 10 389.25029394285605
10 1 11 431.0614441901944
10 2 1 897.1202585457244
10 2 2 . 
10 2 3 1082.5581099857252
10 2 4 1.660195771588399
10 2 5 547.3897544363931
10 2 6 1244.630915765252
10 2 7 899.5019527304677
10 2 8 1303.1522182419774
10 2 9 580.6191311041546
10 2 10 1188.8348772463685
10 2 11 1083.3392845225098
10 3 1 421.34654623005014
10 3 2 1082.5581099857252
10 3 3 . 
10 3 4 1090.5181666037245
10 3 5 474.4725319211716
10 3 6 371.98603774151525
10 3 7 1083.4740036847645
10 3 8 315.1808405505533
10 3 9 665.7787445320093
10 3 10 307.82169502711565
10 3 11 361.58512872456845
10 4 1 780.9845056166879
10 4 2 1.660195771588399
10 4 3 1090.5181666037245
10 4 4 . 
10 4 5 604.6869976505891
10 4 6 1363.8292369993392
10 4 7 789.9174936074537
10 4 8 1319.4498720797274
10 4 9 636.4244433930481
10 4 10 1361.5817326728745
10 4 11 1051.3374780573895
10 5 1 555.1956881419104
10 5 2 547.3897544363931
10 5 3 474.4725319211716
10 5 4 604.6869976505891
10 5 5 . 
10 5 6 667.906389448779
10 5 7 962.5524012643389
10 5 8 676.5215202641104
10 5 9 507.7561346374149
10 5 10 626.758886990598
10 5 11 791.1759624189897
10 6 1 422.5797231303879
10 6 2 1244.630915765252
10 6 3 371.98603774151525
10 6 4 1363.8292369993392
10 6 5 667.906389448779
10 6 6 . 
10 6 7 844.6242812894999
10 6 8 1.4849242404917498
10 6 9 640.8141071080075
10 6 10 3.320391543176798
10 6 11 1.4849242404917498
10 7 1 528.10310157896
10 7 2 899.5019527304677
10 7 3 1083.4740036847645
10 7 4 789.9174936074537
10 7 5 962.5524012643389
10 7 6 844.6242812894999
10 7 7 . 
10 7 8 836.046572968999
10 7 9 339.9647254308322
10 7 10 927.0080851576456
10 7 11 846.509899204601
10 8 1 417.4186741820233
10 8 2 1303.1522182419774
10 8 3 315.1808405505533
10 8 4 1319.4498720797274
10 8 5 676.5215202641104
10 8 6 1.4849242404917498
10 8 7 836.046572968999
10 8 8 . 
10 8 9 573.718231237577
10 8 10 2.1
10 8 11 2.1
10 9 1 254.00834346649475
10 9 2 580.6191311041546
10 9 3 665.7787445320093
10 9 4 636.4244433930481
10 9 5 507.7561346374149
10 9 6 640.8141071080075
10 9 7 339.9647254308322
10 9 8 573.718231237577
10 9 9 . 
10 9 10 571.8232089132005
10 9 11 744.8586268848318
10 10 1 389.25029394285605
10 10 2 1188.8348772463685
10 10 3 307.82169502711565
10 10 4 1361.5817326728745
10 10 5 626.758886990598
10 10 6 3.320391543176798
10 10 7 927.0080851576456
10 10 8 2.1
10 10 9 571.8232089132005
10 10 10 . 
10 10 11 2.9698484809834995
10 11 1 431.0614441901944
10 11 2 1083.3392845225098
10 11 3 361.58512872456845
10 11 4 1051.3374780573895
10 11 5 791.1759624189897
10 11 6 1.4849242404917498
10 11 7 846.509899204601
10 11 8 2.1
10 11 9 744.8586268848318
10 11 10 2.9698484809834995
10 11 11 . ;

# 29 Travel distance
param D_2 :=
1 1 . 
1 2 1380.8004924680465
1 3 730.5648499620003
1 4 1383.5895345079769
1 5 825.5155964607816
1 6 602.913758343596
1 7 889.9106696742095
1 8 601.0831889181396
1 9 443.8254161266567
1 10 601.4291313197258
1 11 605.0694175051323
2 1 1380.8004924680465
2 2 . 
2 3 1586.0154475918575
2 4 3.1622776601683795
2 5 916.6471513074156
2 6 1872.7255538385757
2 7 1329.3370528199384
2 8 1872.1947014132904
2 9 1079.9412021031515
2 10 1874.447385231178
2 11 1875.503399090495
3 1 730.5648499620003
3 2 1586.0154475918575
3 3 . 
3 4 1589.1774601975703
3 5 689.7572036593746
3 6 532.5448337933624
3 7 1595.7600070185993
3 8 534.3444581915302
3 9 1080.1499895847799
3 10 538.327038146887
3 11 534.7335785229875
4 1 1383.5895345079769
4 2 3.1622776601683795
4 3 1589.1774601975703
4 4 . 
4 5 919.7847574296934
4 6 1875.769975236836
4 7 1330.6047497284835
4 8 1875.2378515804335
4 9 1082.2370350343774
4 10 1877.489014614999
4 11 1878.5475772521706
5 1 825.5155964607816
5 2 916.6471513074156
5 3 689.7572036593746
5 4 919.7847574296934
5 5 . 
5 6 1088.2026465691029
5 7 1385.4331452654076
5 8 1088.6124195506866
5 9 867.1545421665045
5 10 1091.8264514106627
5 11 1091.0018331790282
6 1 602.913758343596
6 2 1872.7255538385757
6 3 532.5448337933624
6 4 1875.769975236836
6 5 1088.2026465691029
6 6 . 
6 7 1456.8081548371426
6 8 2.8284271247461903
6 9 1046.5982992533477
6 10 6.324555320336759
6 11 2.8284271247461903
7 1 889.9106696742095
7 2 1329.3370528199384
7 3 1595.7600070185993
7 4 1330.6047497284835
7 5 1385.4331452654076
7 6 1456.8081548371426
7 7 . 
7 8 1454.4696627980936
7 9 537.5518579634899
7 10 1453.729686014563
7 11 1458.399808008764
8 1 601.0831889181396
8 2 1872.1947014132904
8 3 534.3444581915302
8 4 1875.2378515804335
8 5 1088.6124195506866
8 6 2.8284271247461903
8 7 1454.4696627980936
8 8 . 
8 9 1044.796630928718
8 10 4.0
8 11 4.0
9 1 443.8254161266567
9 2 1079.9412021031515
9 3 1080.1499895847799
9 4 1082.2370350343774
9 5 867.1545421665045
9 6 1046.5982992533477
9 7 537.5518579634899
9 8 1044.796630928718
9 9 . 
9 10 1045.1870645965726
9 11 1048.7783369234892
10 1 601.4291313197258
10 2 1874.447385231178
10 3 538.327038146887
10 4 1877.489014614999
10 5 1091.8264514106627
10 6 6.324555320336759
10 7 1453.729686014563
10 8 4.0
10 9 1045.1870645965726
10 10 . 
10 11 5.656854249492381
11 1 605.0694175051323
11 2 1875.503399090495
11 3 534.7335785229875
11 4 1878.5475772521706
11 5 1091.0018331790282
11 6 2.8284271247461903
11 7 1458.399808008764
11 8 4.0
11 9 1048.7783369234892
11 10 5.656854249492381
11 11 . ;

