# 1 amount of Vehicles
param nv :=
4 ;

# 2 amount of Orders
param no :=
7 ;

# 3 amount of locations
param nl :=
10 ;

# 4 amount of factories
param nf :=
4 ;

# 5 factory sets
set N_f_2[1] :=  6 ;
set N_f_2[2] :=  7 ;
set N_f_2[3] :=  8 10 ;
set N_f_2[4] :=  9 ;

# 6 factory stop capacities
param H :=
1 1
2 1
3 1
4 1 ;

# 7 pickup locations for each order
param L_pd :=
1 1
2 5
3 2
4 3
5 4
6 3
7 3 ;

# 8 delivery locations for each order
param L_dd :=
1 6
2 8
3 10
4 9
5 7
6 8
7 10 ;

# 9 location sets
set L_2[1] :=  1 ;
set L_2[2] :=  3 ;
set L_2[3] :=  4 6 7 ;
set L_2[4] :=  5 ;
set L_2[5] :=  2 ;
set L_2[6] :=  1 ;
set L_2[7] :=  5 ;
set L_2[8] :=  2 6 ;
set L_2[9] :=  4 ;
set L_2[10] :=  3 7 ;

# 10 order weights
param Q_kg_2 :=
1 2821.9808089319727
2 64.19709862664597
3 1687.2350695803912
4 1876.0784815529946
5 2984.3925943034365
6 784.353013427298
7 13396.271526218357 ;

# 11 order volumes
param Q_vol_2 :=
1 65.2751575480698
2 0.14300073963848503
3 12.574585587847547
4 16.46505844753617
5 31.681237461165498
6 3.3814152836151328
7 29.830941922511933 ;

# 12 Locations vehicle can visit
set N_v_2[1] := 1 2 3 4 5 6 7 8 9 10 ;
set N_v_2[2] := 1 2 3 4 5 6 7 8 9 10 ;
set N_v_2[3] := 1 2 3 4 5 6 7 8 9 10 ;
set N_v_2[4] := 1 2 3 4 5 6 7 8 9 10 ;

# 13 Orders vehicles can pick up
set N_vp_2[1] := 2 3 4 5 6 ;
set N_vp_2[2] := 1 2 3 4 5 6 7 ;
set N_vp_2[3] := 1 2 3 4 5 6 7 ;
set N_vp_2[4] := 1 2 3 4 5 6 7 ;

# 14 vehicle weight capacity
param K_kg :=
1 12000.0
2 18000.0
3 24000.0
4 24000.0 ;

# 15 vehicle volume capacity
param K_vol :=
1 55.0
2 71.0
3 102.0
4 102.0 ;

# 16 amount of distance intervals
param na :=
1 2
2 2
3 2
4 2 ;

# 17 amount of weight intervals
param nb :=
1 2
2 3
3 3
4 3 ;

# 18 Distance intervals
param B_2 :=
1 1 1500.0
1 2 9999999.0
2 1 1500.0
2 2 9999999.0
3 1 1500.0
3 2 9999999.0
4 1 1500.0
4 2 9999999.0 ;

# 19 Weight intervals
param Z_2 :=
1 1 1500.0
1 2 24000.0
1 3 . 
2 1 700.0
2 2 3000.0
2 3 24000.0
3 1 700.0
3 2 3000.0
3 3 24000.0
4 1 700.0
4 2 3000.0
4 3 24000.0 ;

# 20 cost per kilometer
param C_km :=
1 1 1 0.11574494469165798
1 1 2 0.3723393221028571
1 1 3 . 
1 2 1 0.07716329646110535
1 2 2 0.2482262147352381
1 2 3 . 
2 1 1 0.09622650146484377
2 1 2 0.18318747431342491
2 1 3 0.43439587578666683
2 2 1 0.060485229492187494
2 2 2 0.11514641242558135
2 2 3 0.2730488362087619
3 1 1 0.10997314453125002
3 1 2 0.20935711350105707
3 1 3 0.4964524294704762
3 2 1 0.06873321533203125
3 2 2 0.13084819593816063
3 2 3 0.3102827684190475
4 1 1 0.10997314453125002
4 1 2 0.20935711350105707
4 1 3 0.4964524294704762
4 2 1 0.06873321533203125
4 2 2 0.13084819593816063
4 2 3 0.3102827684190475 ;

# 21 cost per kilo
param C_kg :=
1 1 1 0.004564315080642704
1 1 2 8.114541859150757E-4
1 1 3 . 
1 2 1 0.0018257260322570804
1 2 2 3.245816743660299E-4
1 2 3 . 
2 1 1 0.0070495605468750035
2 1 2 0.0030595174524933127
2 1 3 8.114541859150757E-4
2 2 1 0.0028198242187500006
2 2 2 0.0012238069809973242
2 2 3 3.245816743660299E-4
3 1 1 0.0070495605468750035
3 1 2 0.0030595174524933127
3 1 3 8.114541859150757E-4
3 2 1 0.0028198242187500006
3 2 2 0.0012238069809973242
3 2 3 3.245816743660299E-4
4 1 1 0.0070495605468750035
4 1 2 0.0030595174524933127
4 1 3 8.114541859150757E-4
4 2 1 0.0028198242187500006
4 2 2 0.0012238069809973242
4 2 3 3.245816743660299E-4 ;

# 22 fixed costs
param C_fix :=
1 1 1 136.6875
1 1 2 764.94375
1 1 3 . 
1 2 1 1037.970703125
1 2 2 5808.7916015625
1 2 3 . 
2 1 1 100.68095232000002
2 1 2 236.89635840000005
2 1 3 894.8759938560002
2 2 1 930.1870876292295
2 2 2 2188.6755003040694
2 2 3 8267.721702398621
3 1 1 122.97711871999996
3 1 2 289.35792639999994
3 1 3 1093.0495669759996
3 2 1 1458.9605667660978
3 2 2 3432.848392390819
3 2 3 12967.584802256317
4 1 1 122.97711871999996
4 1 2 289.35792639999994
4 1 3 1093.0495669759996
4 2 1 1458.9605667660978
4 2 2 3432.848392390819
4 2 3 12967.584802256317 ;

# 23 stopping costs
param C_stop_2 :=
1 1 23.0
1 2 20.0
1 3 26.0
1 4 20.0
1 5 24.0
1 6 26.0
1 7 24.0
1 8 25.0
1 9 24.0
1 10 28.0
2 1 34.5
2 2 30.0
2 3 39.0
2 4 30.0
2 5 36.0
2 6 39.0
2 7 36.0
2 8 37.5
2 9 36.0
2 10 42.0
3 1 46.0
3 2 40.0
3 3 52.0
3 4 40.0
3 5 48.0
3 6 52.0
3 7 48.0
3 8 50.0
3 9 48.0
3 10 56.0
4 1 46.0
4 2 40.0
4 3 52.0
4 4 40.0
4 5 48.0
4 6 52.0
4 7 48.0
4 8 50.0
4 9 48.0
4 10 56.0 ;

# 24 cost of no transport
param C_2 :=
1 137745.0068744679
2 47431.74451361791
3 74805.2426151082
4 94357.67812932303
5 83964.2205991012
6 45025.76061120188
7 197671.98921704004 ;

# 25 timewindow amounts at location
param pi_2 :=
1 3
2 4
3 4
4 3
5 3
6 3
7 3
8 3
9 4
10 3 ;

# 26 timewindow lower bounds
param T_l_2 :=
1 1 120.0
1 2 420.0
1 3 1560.0
1 4 . 
2 1 0.0
2 2 420.0
2 3 1440.0
2 4 1860.0
3 1 120.0
3 2 420.0
3 3 1560.0
3 4 1860.0
4 1 120.0
4 2 1560.0
4 3 3000.0
4 4 . 
5 1 60.0
5 2 1500.0
5 3 2940.0
5 4 . 
6 1 120.0
6 2 1560.0
6 3 3000.0
6 4 . 
7 1 60.0
7 2 1500.0
7 3 2940.0
7 4 . 
8 1 0.0
8 2 1440.0
8 3 2880.0
8 4 . 
9 1 60.0
9 2 1500.0
9 3 2940.0
9 4 4380.0
10 1 0.0
10 2 360.0
10 3 1440.0
10 4 . ;

# 27 timewindow upper bounds
param T_u_2 :=
1 1 300.0
1 2 600.0
1 3 1740.0
1 4 . 
2 1 300.0
2 2 600.0
2 3 1740.0
2 4 2040.0
3 1 300.0
3 2 600.0
3 3 1740.0
3 4 2040.0
4 1 300.0
4 2 1740.0
4 3 3180.0
4 4 . 
5 1 240.0
5 2 1740.0
5 3 3180.0
5 4 . 
6 1 360.0
6 2 1740.0
6 3 3180.0
6 4 . 
7 1 240.0
7 2 1680.0
7 3 3120.0
7 4 . 
8 1 180.0
8 2 1740.0
8 3 3180.0
8 4 . 
9 1 300.0
9 2 1680.0
9 3 3120.0
9 4 4560.0
10 1 240.0
10 2 600.0
10 3 1680.0
10 4 . ;

# 28 Travel time
param T_2 :=
1 1 1 . 
1 1 2 584.0009025263406
1 1 3 294.00919102118587
1 1 4 801.6314035971233
1 1 5 391.56097945316037
1 1 6 532.1673539513057
1 1 7 700.317184186671
1 1 8 235.0080047682849
1 1 9 677.592328232223
1 1 10 266.3987401146558
1 2 1 584.0009025263406
1 2 2 . 
1 2 3 754.5369285663425
1 2 4 137.11629413720632
1 2 5 747.661613194379
1 2 6 213.80811546685072
1 2 7 93.52234357968965
1 2 8 490.58853856071227
1 2 9 53.85148772213166
1 2 10 496.6384388576126
1 3 1 294.00919102118587
1 3 2 754.5369285663425
1 3 3 . 
1 3 4 786.4419962512684
1 3 5 611.8485172572966
1 3 6 631.514828341168
1 3 7 798.5658911356684
1 3 8 274.0135865552293
1 3 9 862.1972477709485
1 3 10 238.30553387240866
1 4 1 801.6314035971233
1 4 2 137.11629413720632
1 4 3 786.4419962512684
1 4 4 . 
1 4 5 615.3972040662786
1 4 6 192.77092000661972
1 4 7 51.65095324835569
1 4 8 663.6686112978684
1 4 9 116.59967248849748
1 4 10 665.4321417907776
1 5 1 391.56097945316037
1 5 2 747.661613194379
1 5 3 611.8485172572966
1 5 4 615.3972040662786
1 5 5 . 
1 5 6 431.30234842377774
1 5 7 590.8611190903129
1 5 8 508.11287979521603
1 5 9 656.1143199730461
1 5 10 490.73609520796924
1 6 1 532.1673539513057
1 6 2 213.80811546685072
1 6 3 631.514828341168
1 6 4 192.77092000661972
1 6 5 431.30234842377774
1 6 6 . 
1 6 7 200.0781059358212
1 6 8 314.50363487364734
1 6 9 183.29106216839614
1 6 10 340.2093444397817
1 7 1 700.317184186671
1 7 2 93.52234357968965
1 7 3 798.5658911356684
1 7 4 51.65095324835569
1 7 5 590.8611190903129
1 7 6 200.0781059358212
1 7 7 . 
1 7 8 505.7493909037671
1 7 9 53.54609587543949
1 7 10 519.5844113732031
1 8 1 235.0080047682849
1 8 2 490.58853856071227
1 8 3 274.0135865552293
1 8 4 663.6686112978684
1 8 5 508.11287979521603
1 8 6 314.50363487364734
1 8 7 505.7493909037671
1 8 8 . 
1 8 9 541.3898212228403
1 8 10 1.5811388300841895
1 9 1 677.592328232223
1 9 2 53.85148772213166
1 9 3 862.1972477709485
1 9 4 116.59967248849748
1 9 5 656.1143199730461
1 9 6 183.29106216839614
1 9 7 53.54609587543949
1 9 8 541.3898212228403
1 9 9 . 
1 9 10 541.3170984063687
1 10 1 266.3987401146558
1 10 2 496.6384388576126
1 10 3 238.30553387240866
1 10 4 665.4321417907776
1 10 5 490.73609520796924
1 10 6 340.2093444397817
1 10 7 519.5844113732031
1 10 8 1.5811388300841895
1 10 9 541.3170984063687
1 10 10 . 
2 1 1 . 
2 1 2 598.6009250894991
2 1 3 301.3594207967155
2 1 4 821.6721886870513
2 1 5 401.35000393948934
2 1 6 545.4715378000883
2 1 7 717.8251137913378
2 1 8 240.883204887492
2 1 9 694.5321364380286
2 1 10 273.0587086175222
2 2 1 598.6009250894991
2 2 2 . 
2 2 3 773.400351780501
2 2 4 140.54420149063648
2 2 5 766.3531535242385
2 2 6 219.15331835352197
2 2 7 95.86040216918188
2 2 8 502.85325202473
2 2 9 55.197774915184944
2 2 10 509.05439982905284
2 3 1 301.3594207967155
2 3 2 773.400351780501
2 3 3 . 
2 3 4 806.10304615755
2 3 5 627.144730188729
2 3 6 647.3026990496971
2 3 7 818.5300384140601
2 3 8 280.86392621911006
2 3 9 883.7521789652221
2 3 10 244.26317221921886
2 4 1 821.6721886870513
2 4 2 140.54420149063648
2 4 3 806.10304615755
2 4 4 . 
2 4 5 630.7821341679355
2 4 6 197.5901930067852
2 4 7 52.94222707956458
2 4 8 680.2603265803151
2 4 9 119.5146643007099
2 4 10 682.0679453355469
2 5 1 401.35000393948934
2 5 2 766.3531535242385
2 5 3 627.144730188729
2 5 4 630.7821341679355
2 5 5 . 
2 5 6 442.08490713437214
2 5 7 605.6326470675706
2 5 8 520.8157017900963
2 5 9 672.5171779723722
2 5 10 503.0044975881684
2 6 1 545.4715378000883
2 6 2 219.15331835352197
2 6 3 647.3026990496971
2 6 4 197.5901930067852
2 6 5 442.08490713437214
2 6 6 . 
2 6 7 205.08005858421672
2 6 8 322.3662257454885
2 6 9 187.87333872260604
2 6 10 348.71457805077625
2 7 1 717.8251137913378
2 7 2 95.86040216918188
2 7 3 818.5300384140601
2 7 4 52.94222707956458
2 7 5 605.6326470675706
2 7 6 205.08005858421672
2 7 7 . 
2 7 8 518.3931256763613
2 7 9 54.884748272325474
2 7 10 532.5740216575332
2 8 1 240.883204887492
2 8 2 502.85325202473
2 8 3 280.86392621911006
2 8 4 680.2603265803151
2 8 5 520.8157017900963
2 8 6 322.3662257454885
2 8 7 518.3931256763613
2 8 8 . 
2 8 9 554.9245667534112
2 8 10 1.6206673008362942
2 9 1 694.5321364380286
2 9 2 55.197774915184944
2 9 3 883.7521789652221
2 9 4 119.5146643007099
2 9 5 672.5171779723722
2 9 6 187.87333872260604
2 9 7 54.884748272325474
2 9 8 554.9245667534112
2 9 9 . 
2 9 10 554.8500258665279
2 10 1 273.0587086175222
2 10 2 509.05439982905284
2 10 3 244.26317221921886
2 10 4 682.0679453355469
2 10 5 503.0044975881684
2 10 6 348.71457805077625
2 10 7 532.5740216575332
2 10 8 1.6206673008362942
2 10 9 554.8500258665279
2 10 10 . 
3 1 1 . 
3 1 2 613.2009476526576
3 1 3 308.70965057224515
3 1 4 841.7129737769794
3 1 5 411.1390284258184
3 1 6 558.775721648871
3 1 7 735.3330433960047
3 1 8 246.75840500669915
3 1 9 711.4719446438343
3 1 10 279.71867712038863
3 2 1 613.2009476526576
3 2 2 . 
3 2 3 792.2637749946596
3 2 4 143.97210884406664
3 2 5 785.044693854098
3 2 6 224.49852124019327
3 2 7 98.19846075867413
3 2 8 515.1179654887479
3 2 9 56.54406210823824
3 2 10 521.4703608004933
3 3 1 308.70965057224515
3 3 2 792.2637749946596
3 3 3 . 
3 3 4 825.7640960638319
3 3 5 642.4409431201615
3 3 6 663.0905697582265
3 3 7 838.4941856924519
3 3 8 287.7142658829908
3 3 9 905.3071101594959
3 3 10 250.22081056602912
3 4 1 841.7129737769794
3 4 2 143.97210884406664
3 4 3 825.7640960638319
3 4 4 . 
3 4 5 646.1670642695926
3 4 6 202.4094660069507
3 4 7 54.23350091077348
3 4 8 696.8520418627619
3 4 9 122.42965611292236
3 4 10 698.7037488803164
3 5 1 411.1390284258184
3 5 2 785.044693854098
3 5 3 642.4409431201615
3 5 4 646.1670642695926
3 5 5 . 
3 5 6 452.86746584496666
3 5 7 620.4041750448285
3 5 8 533.5185237849769
3 5 9 688.9200359716984
3 5 10 515.2728999683677
3 6 1 558.775721648871
3 6 2 224.49852124019327
3 6 3 663.0905697582265
3 6 4 202.4094660069507
3 6 5 452.86746584496666
3 6 6 . 
3 6 7 210.08201123261227
3 6 8 330.2288166173297
3 6 9 192.45561527681596
3 6 10 357.2198116617708
3 7 1 735.3330433960047
3 7 2 98.19846075867413
3 7 3 838.4941856924519
3 7 4 54.23350091077348
3 7 5 620.4041750448285
3 7 6 210.08201123261227
3 7 7 . 
3 7 8 531.0368604489555
3 7 9 56.223400669211465
3 7 10 545.5636319418633
3 8 1 246.75840500669915
3 8 2 515.1179654887479
3 8 3 287.7142658829908
3 8 4 696.8520418627619
3 8 5 533.5185237849769
3 8 6 330.2288166173297
3 8 7 531.0368604489555
3 8 8 . 
3 8 9 568.4593122839823
3 8 10 1.660195771588399
3 9 1 711.4719446438343
3 9 2 56.54406210823824
3 9 3 905.3071101594959
3 9 4 122.42965611292236
3 9 5 688.9200359716984
3 9 6 192.45561527681596
3 9 7 56.223400669211465
3 9 8 568.4593122839823
3 9 9 . 
3 9 10 568.3829533266871
3 10 1 279.71867712038863
3 10 2 521.4703608004933
3 10 3 250.22081056602912
3 10 4 698.7037488803164
3 10 5 515.2728999683677
3 10 6 357.2198116617708
3 10 7 545.5636319418633
3 10 8 1.660195771588399
3 10 9 568.3829533266871
3 10 10 . 
4 1 1 . 
4 1 2 613.2009476526576
4 1 3 308.70965057224515
4 1 4 841.7129737769794
4 1 5 411.1390284258184
4 1 6 558.775721648871
4 1 7 735.3330433960047
4 1 8 246.75840500669915
4 1 9 711.4719446438343
4 1 10 279.71867712038863
4 2 1 613.2009476526576
4 2 2 . 
4 2 3 792.2637749946596
4 2 4 143.97210884406664
4 2 5 785.044693854098
4 2 6 224.49852124019327
4 2 7 98.19846075867413
4 2 8 515.1179654887479
4 2 9 56.54406210823824
4 2 10 521.4703608004933
4 3 1 308.70965057224515
4 3 2 792.2637749946596
4 3 3 . 
4 3 4 825.7640960638319
4 3 5 642.4409431201615
4 3 6 663.0905697582265
4 3 7 838.4941856924519
4 3 8 287.7142658829908
4 3 9 905.3071101594959
4 3 10 250.22081056602912
4 4 1 841.7129737769794
4 4 2 143.97210884406664
4 4 3 825.7640960638319
4 4 4 . 
4 4 5 646.1670642695926
4 4 6 202.4094660069507
4 4 7 54.23350091077348
4 4 8 696.8520418627619
4 4 9 122.42965611292236
4 4 10 698.7037488803164
4 5 1 411.1390284258184
4 5 2 785.044693854098
4 5 3 642.4409431201615
4 5 4 646.1670642695926
4 5 5 . 
4 5 6 452.86746584496666
4 5 7 620.4041750448285
4 5 8 533.5185237849769
4 5 9 688.9200359716984
4 5 10 515.2728999683677
4 6 1 558.775721648871
4 6 2 224.49852124019327
4 6 3 663.0905697582265
4 6 4 202.4094660069507
4 6 5 452.86746584496666
4 6 6 . 
4 6 7 210.08201123261227
4 6 8 330.2288166173297
4 6 9 192.45561527681596
4 6 10 357.2198116617708
4 7 1 735.3330433960047
4 7 2 98.19846075867413
4 7 3 838.4941856924519
4 7 4 54.23350091077348
4 7 5 620.4041750448285
4 7 6 210.08201123261227
4 7 7 . 
4 7 8 531.0368604489555
4 7 9 56.223400669211465
4 7 10 545.5636319418633
4 8 1 246.75840500669915
4 8 2 515.1179654887479
4 8 3 287.7142658829908
4 8 4 696.8520418627619
4 8 5 533.5185237849769
4 8 6 330.2288166173297
4 8 7 531.0368604489555
4 8 8 . 
4 8 9 568.4593122839823
4 8 10 1.660195771588399
4 9 1 711.4719446438343
4 9 2 56.54406210823824
4 9 3 905.3071101594959
4 9 4 122.42965611292236
4 9 5 688.9200359716984
4 9 6 192.45561527681596
4 9 7 56.223400669211465
4 9 8 568.4593122839823
4 9 9 . 
4 9 10 568.3829533266871
4 10 1 279.71867712038863
4 10 2 521.4703608004933
4 10 3 250.22081056602912
4 10 4 698.7037488803164
4 10 5 515.2728999683677
4 10 6 357.2198116617708
4 10 7 545.5636319418633
4 10 8 1.660195771588399
4 10 9 568.3829533266871
4 10 10 . ;

# 29 Travel distance
param D_2 :=
1 1 . 
1 2 1108.0018050526812
1 3 544.0183820423719
1 4 1149.2628071942465
1 5 619.1219589063209
1 6 808.3347079026114
1 7 1126.6343683733423
1 8 406.01600953656987
1 9 1083.184656464446
1 10 404.7974802293117
2 1 1108.0018050526812
2 2 . 
2 3 1293.0738571326851
2 4 260.2325882744127
2 5 1143.3232263887583
2 6 321.6162309337015
2 7 179.0446871593793
2 8 847.1770771214245
2 9 85.70297544426332
2 10 845.2768777152253
3 1 544.0183820423719
3 2 1293.0738571326851
3 3 . 
3 4 1430.8839925025368
3 5 1161.6970345145933
3 6 1079.029656682336
3 7 1381.131782271337
3 8 460.02717311045876
3 9 1304.394495541897
3 10 462.6110677448174
4 1 1149.2628071942465
4 2 260.2325882744127
4 3 1430.8839925025368
4 4 . 
4 5 1040.7944081325572
4 6 355.5418400132395
4 7 81.30190649671138
4 8 971.3372225957369
4 9 183.19934497699495
4 10 968.8642835815551
5 1 619.1219589063209
5 2 1143.3232263887583
5 3 1161.6970345145933
5 4 1040.7944081325572
5 5 . 
5 6 834.6046968475555
5 7 1063.7222381806257
5 8 888.2257595904321
5 9 1078.2286399460922
5 10 885.4721904159385
6 1 808.3347079026114
6 2 321.6162309337015
6 3 1079.029656682336
6 4 355.5418400132395
6 5 834.6046968475555
6 6 . 
6 7 320.1562118716424
6 8 619.0072697472947
6 9 278.5821243367923
6 10 616.4186888795634
7 1 1126.6343683733423
7 2 179.0446871593793
7 3 1381.131782271337
7 4 81.30190649671138
7 5 1063.7222381806257
7 6 320.1562118716424
7 7 . 
7 8 923.4987818075343
7 9 103.09219175087898
7 10 921.1688227464062
8 1 406.01600953656987
8 2 847.1770771214245
8 3 460.02717311045876
8 4 971.3372225957369
8 5 888.2257595904321
8 6 619.0072697472947
8 7 923.4987818075343
8 8 . 
8 9 850.7796424456806
8 10 3.1622776601683795
9 1 1083.184656464446
9 2 85.70297544426332
9 3 1304.394495541897
9 4 183.19934497699495
9 5 1078.2286399460922
9 6 278.5821243367923
9 7 103.09219175087898
9 8 850.7796424456806
9 9 . 
9 10 848.6341968127374
10 1 404.7974802293117
10 2 845.2768777152253
10 3 462.6110677448174
10 4 968.8642835815551
10 5 885.4721904159385
10 6 616.4186888795634
10 7 921.1688227464062
10 8 3.1622776601683795
10 9 848.6341968127374
10 10 . ;

