# 1 amount of Vehicles
param nv :=
3 ;

# 2 amount of Orders
param no :=
4 ;

# 3 amount of locations
param nl :=
7 ;

# 4 amount of factories
param nf :=
3 ;

# 5 factory sets
set N_f_2[1] :=  4 ;
set N_f_2[2] :=  5 7 ;
set N_f_2[3] :=  6 ;

# 6 factory stop capacities
param H :=
1 1
2 1
3 1 ;

# 7 pickup locations for each order
param L_pd :=
1 3
2 2
3 1
4 2 ;

# 8 delivery locations for each order
param L_dd :=
1 7
2 5
3 6
4 4 ;

# 9 location sets
set L_2[1] :=  3 ;
set L_2[2] :=  2 4 ;
set L_2[3] :=  1 ;
set L_2[4] :=  4 ;
set L_2[5] :=  2 ;
set L_2[6] :=  3 ;
set L_2[7] :=  1 ;

# 10 order weights
param Q_kg_2 :=
1 1816.4900012354103
2 1538.5201573741379
3 3131.921950949024
4 17113.770176060578 ;

# 11 order volumes
param Q_vol_2 :=
1 19.659183628855434
2 19.238152062987922
3 10.974364766496285
4 62.6585090435437 ;

# 12 Locations vehicle can visit
set N_v_2[1] := 2 3 4 5 7 ;
set N_v_2[2] := 2 3 4 5 7 ;
set N_v_2[3] := 1 2 3 4 5 6 7 ;

# 13 Orders vehicles can pick up
set N_vp[1] := 1 2 ;
set N_vp[2] := 1 2 4 ;
set N_vp[3] := 1 2 3 4 ;

# 14 vehicle weight capacity
param K_kg :=
1 12000.0
2 18000.0
3 24000.0 ;

# 15 vehicle volume capacity
param K_vol :=
1 55.0
2 71.0
3 102.0 ;

# 16 amount of distance intervals
param na :=
1 2
2 2
3 2 ;

# 17 amount of weight intervals
param nb :=
1 2
2 3
3 3 ;

# 18 Distance intervals
param B_2 :=
1 1 1500.0
1 2 9999999.0
2 1 1500.0
2 2 9999999.0
3 1 1500.0
3 2 9999999.0 ;

# 19 Weight intervals
param Z_2 :=
1 1 1500.0
1 2 24000.0
1 3 . 
2 1 700.0
2 2 3000.0
2 3 24000.0
3 1 700.0
3 2 3000.0
3 3 24000.0 ;

# 20 cost per kilometer
param C_km :=
1 1 1 0.11574494469165798
1 1 2 0.3723393221028571
1 1 3 . 
1 2 1 0.07716329646110535
1 2 2 0.2482262147352381
1 2 3 . 
2 1 1 0.09622650146484377
2 1 2 0.18318747431342491
2 1 3 0.43439587578666683
2 2 1 0.060485229492187494
2 2 2 0.11514641242558135
2 2 3 0.2730488362087619
3 1 1 0.10997314453125002
3 1 2 0.20935711350105707
3 1 3 0.4964524294704762
3 2 1 0.06873321533203125
3 2 2 0.13084819593816063
3 2 3 0.3102827684190475 ;

# 21 cost per kilo
param C_kg :=
1 1 1 0.004564315080642704
1 1 2 8.114541859150757E-4
1 1 3 . 
1 2 1 0.0018257260322570804
1 2 2 3.245816743660299E-4
1 2 3 . 
2 1 1 0.0070495605468750035
2 1 2 0.0030595174524933127
2 1 3 8.114541859150757E-4
2 2 1 0.0028198242187500006
2 2 2 0.0012238069809973242
2 2 3 3.245816743660299E-4
3 1 1 0.0070495605468750035
3 1 2 0.0030595174524933127
3 1 3 8.114541859150757E-4
3 2 1 0.0028198242187500006
3 2 2 0.0012238069809973242
3 2 3 3.245816743660299E-4 ;

# 22 fixed costs
param C_fix :=
1 1 1 136.6875
1 1 2 764.94375
1 1 3 . 
1 2 1 1037.970703125
1 2 2 5808.7916015625
1 2 3 . 
2 1 1 100.68095232000002
2 1 2 236.89635840000005
2 1 3 894.8759938560002
2 2 1 930.1870876292295
2 2 2 2188.6755003040694
2 2 3 8267.721702398621
3 1 1 122.97711871999996
3 1 2 289.35792639999994
3 1 3 1093.0495669759996
3 2 1 1458.9605667660978
3 2 2 3432.848392390819
3 2 3 12967.584802256317 ;

# 23 stopping costs
param C_stop_2 :=
1 1 24.0
1 2 26.0
1 3 28.0
1 4 23.0
1 5 23.0
1 6 22.0
1 7 28.0
2 1 36.0
2 2 39.0
2 3 42.0
2 4 34.5
2 5 34.5
2 6 33.0
2 7 42.0
3 1 48.0
3 2 52.0
3 3 56.0
3 4 46.0
3 5 46.0
3 6 44.0
3 7 56.0 ;

# 24 cost of no transport
param C_2 :=
1 78464.71589896754
2 80490.31325706349
3 82145.56150748668
4 285181.6739997119 ;

# 25 timewindow amounts at location
param pi_2 :=
1 4
2 3
3 3
4 4
5 3
6 4
7 4 ;

# 26 timewindow lower bounds
param T_l_2 :=
1 1 120.0
1 2 420.0
1 3 1560.0
1 4 1860.0
2 1 60.0
2 2 420.0
2 3 1500.0
2 4 . 
3 1 60.0
3 2 480.0
3 3 1500.0
3 4 . 
4 1 120.0
4 2 480.0
4 3 1560.0
4 4 1980.0
5 1 0.0
5 2 360.0
5 3 1440.0
5 4 . 
6 1 60.0
6 2 360.0
6 3 1500.0
6 4 1740.0
7 1 120.0
7 2 1560.0
7 3 3000.0
7 4 4440.0 ;

# 27 timewindow upper bounds
param T_u_2 :=
1 1 360.0
1 2 720.0
1 3 1800.0
1 4 2160.0
2 1 300.0
2 2 720.0
2 3 1740.0
2 4 . 
3 1 360.0
3 2 660.0
3 3 1800.0
3 4 . 
4 1 420.0
4 2 720.0
4 3 1860.0
4 4 2220.0
5 1 240.0
5 2 540.0
5 3 1680.0
5 4 . 
6 1 240.0
6 2 600.0
6 3 1680.0
6 4 1980.0
7 1 360.0
7 2 1860.0
7 3 3300.0
7 4 4740.0 ;

# 28 Travel time
param T_2 :=
1 1 1 . 
1 1 2 . 
1 1 3 . 
1 1 4 . 
1 1 5 . 
1 1 6 . 
1 1 7 . 
1 2 1 . 
1 2 2 . 
1 2 3 749.3604740320374
1 2 4 589.0910532593728
1 2 5 572.1159936722366
1 2 6 . 
1 2 7 561.793063862772
1 3 1 . 
1 3 2 749.3604740320374
1 3 3 . 
1 3 4 360.3167596691236
1 3 5 473.31290158347684
1 3 6 . 
1 3 7 368.01053762929996
1 4 1 . 
1 4 2 589.0910532593728
1 4 3 360.3167596691236
1 4 4 . 
1 4 5 610.500916589514
1 4 6 . 
1 4 7 743.6044436102223
1 5 1 . 
1 5 2 572.1159936722366
1 5 3 473.31290158347684
1 5 4 610.500916589514
1 5 5 . 
1 5 6 . 
1 5 7 1.4999999999999998
1 6 1 . 
1 6 2 . 
1 6 3 . 
1 6 4 . 
1 6 5 . 
1 6 6 . 
1 6 7 . 
1 7 1 . 
1 7 2 561.793063862772
1 7 3 368.01053762929996
1 7 4 743.6044436102223
1 7 5 1.4999999999999998
1 7 6 . 
1 7 7 . 
2 1 1 . 
2 1 2 . 
2 1 3 . 
2 1 4 . 
2 1 5 . 
2 1 6 . 
2 1 7 . 
2 2 1 . 
2 2 2 . 
2 2 3 768.0944858828382
2 2 4 603.818329590857
2 2 5 586.4188935140425
2 2 6 . 
2 2 7 575.8378904593412
2 3 1 . 
2 3 2 768.0944858828382
2 3 3 . 
2 3 4 369.32467866085165
2 3 5 485.1457241230637
2 3 6 . 
2 3 7 377.2108010700324
2 4 1 . 
2 4 2 603.818329590857
2 4 3 369.32467866085165
2 4 4 . 
2 4 5 625.7634395042518
2 4 6 . 
2 4 7 762.1945547004779
2 5 1 . 
2 5 2 586.4188935140425
2 5 3 485.1457241230637
2 5 4 625.7634395042518
2 5 5 . 
2 5 6 . 
2 5 7 1.5374999999999996
2 6 1 . 
2 6 2 . 
2 6 3 . 
2 6 4 . 
2 6 5 . 
2 6 6 . 
2 6 7 . 
2 7 1 . 
2 7 2 575.8378904593412
2 7 3 377.2108010700324
2 7 4 762.1945547004779
2 7 5 1.5374999999999996
2 7 6 . 
2 7 7 . 
3 1 1 . 
3 1 2 667.7118437834451
3 1 3 1044.203993118919
3 1 4 1263.93928452251
3 1 5 633.4897544363931
3 1 6 415.6596015512525
3 1 7 530.0345307432706
3 2 1 667.7118437834451
3 2 2 . 
3 2 3 786.8284977336392
3 2 4 618.5456059223415
3 2 5 600.7217933558485
3 2 6 306.00385534643885
3 2 7 589.8827170559106
3 3 1 1044.203993118919
3 3 2 786.8284977336392
3 3 3 . 
3 3 4 378.3325976525798
3 3 5 496.97854666265073
3 3 6 628.5074046474188
3 3 7 386.41106451076496
3 4 1 1263.93928452251
3 4 2 618.5456059223415
3 4 3 378.3325976525798
3 4 4 . 
3 4 5 641.0259624189897
3 4 6 703.4793918411032
3 4 7 780.7846657907335
3 5 1 633.4897544363931
3 5 2 600.7217933558485
3 5 3 496.97854666265073
3 5 4 641.0259624189897
3 5 5 . 
3 5 6 506.7689475626755
3 5 7 1.5749999999999997
3 6 1 415.6596015512525
3 6 2 306.00385534643885
3 6 3 628.5074046474188
3 6 4 703.4793918411032
3 6 5 506.7689475626755
3 6 6 . 
3 6 7 423.0141857822125
3 7 1 530.0345307432706
3 7 2 589.8827170559106
3 7 3 386.41106451076496
3 7 4 780.7846657907335
3 7 5 1.5749999999999997
3 7 6 423.0141857822125
3 7 7 . ;

# 29 Travel distance
param D_2 :=
1 1 . 
1 2 1077.8320833970383
1 3 1586.9599868931793
1 4 1875.503399090495
1 5 916.6471513074156
1 6 661.732574383338
1 7 919.5895823681345
2 1 1077.8320833970383
2 2 . 
2 3 1076.7209480640747
2 4 1046.1821065187455
2 5 862.2319873444733
2 6 416.8644863741693
2 7 863.5861277255442
3 1 1586.9599868931793
3 2 1076.7209480640747
3 3 . 
3 4 534.6335193382472
3 5 690.6258031669538
3 6 1169.1569612331784
3 7 688.0210752585999
4 1 1875.503399090495
4 2 1046.1821065187455
4 3 534.6335193382472
4 4 . 
4 5 1091.0018331790282
4 6 1311.9607463640061
4 7 1089.208887220445
5 1 916.6471513074156
5 2 862.2319873444733
5 3 690.6258031669538
5 4 1091.0018331790282
5 5 . 
5 6 691.2741858336676
5 7 3.0
6 1 661.732574383338
6 2 416.8644863741693
6 3 1169.1569612331784
6 4 1311.9607463640061
6 5 691.2741858336676
6 6 . 
6 7 693.7413062518333
7 1 919.5895823681345
7 2 863.5861277255442
7 3 688.0210752585999
7 4 1089.208887220445
7 5 3.0
7 6 693.7413062518333
7 7 . ;

