# 1 amount of Vehicles
param nv :=
5 ;

# 2 amount of Orders
param no :=
9 ;

# 3 amount of locations
param nl :=
6 ;

# 4 amount of factories
param nf :=
2 ;

# 5 factory sets
set N_f_2[1] :=  4 ;
set N_f_2[2] :=  5 6 ;

# 6 factory stop capacities
param H :=
1 1
2 2 ;

# 7 pickup locations for each order
param L_pd :=
1 2
2 3
3 1
4 3
5 3
6 2
7 3
8 3
9 3 ;

# 8 delivery locations for each order
param L_dd :=
1 6
2 5
3 4
4 5
5 4
6 4
7 4
8 4
9 5 ;

# 9 location sets
set L_2[1] :=  3 ;
set L_2[2] :=  1 6 ;
set L_2[3] :=  2 4 5 7 8 9 ;
set L_2[4] :=  3 5 6 7 8 ;
set L_2[5] :=  2 4 9 ;
set L_2[6] :=  1 ;

# 10 order weights
param Q_kg_2 :=
1 1408.185805087949
2 213.66339352808833
3 1080.9025173190187
4 1263.3673777148038
5 576.8894452475987
6 1018.1600768664788
7 128.02084955831964
8 1878.2296058253444
9 3326.6588311882438 ;

# 11 order volumes
param Q_vol_2 :=
1 3.74201822437517
2 2.3124839561262323
3 6.300618870846638
4 9.94277816405461
5 6.1669940398783725
6 2.268702398723692
7 0.33942705954091035
8 27.36191179678848
9 58.51149700096525 ;

# 12 Locations vehicle can visit
set N_v_2[1] := 1 2 3 4 5 6 ;
set N_v_2[2] := 1 2 3 4 5 6 ;
set N_v_2[3] := 1 2 3 4 5 6 ;
set N_v_2[4] := 1 2 3 4 5 6 ;
set N_v_2[5] := 1 2 3 4 5 6 ;

# 13 Orders vehicles can pick up
set N_vp_2[1] := 1 2 3 4 5 6 7 8 ;
set N_vp_2[2] := 1 2 3 4 5 6 7 8 9 ;
set N_vp_2[3] := 1 2 3 4 5 6 7 8 9 ;
set N_vp_2[4] := 1 2 3 4 5 6 7 8 9 ;
set N_vp_2[5] := 1 2 3 4 5 6 7 8 9 ;

# 14 vehicle weight capacity
param K_kg :=
1 12000.0
2 18000.0
3 24000.0
4 24000.0
5 24000.0 ;

# 15 vehicle volume capacity
param K_vol :=
1 55.0
2 71.0
3 102.0
4 102.0
5 102.0 ;

# 16 amount of distance intervals
param na :=
1 2
2 2
3 2
4 2
5 2 ;

# 17 amount of weight intervals
param nb :=
1 3
2 2
3 3
4 3
5 3 ;

# 18 Distance intervals
param B_2 :=
1 1 1500.0
1 2 9999999.0
2 1 1500.0
2 2 9999999.0
3 1 1500.0
3 2 9999999.0
4 1 1500.0
4 2 9999999.0
5 1 1500.0
5 2 9999999.0 ;

# 19 Weight intervals
param Z_2 :=
1 1 700.0
1 2 3000.0
1 3 24000.0
2 1 1500.0
2 2 24000.0
2 3 . 
3 1 700.0
3 2 3000.0
3 3 24000.0
4 1 700.0
4 2 3000.0
4 3 24000.0
5 1 700.0
5 2 3000.0
5 3 24000.0 ;

# 20 cost per kilometer
param C_km :=
1 1 1 0.08247985839843748
1 1 2 0.15701783512579273
1 1 3 0.3723393221028571
1 2 1 0.05498657226562501
1 2 2 0.10467855675052853
1 2 3 0.2482262147352381
2 1 1 0.13503576880693438
2 1 2 0.43439587578666683
2 1 3 . 
2 2 1 0.08487962610721587
2 2 2 0.2730488362087619
2 2 3 . 
3 1 1 0.10997314453125002
3 1 2 0.20935711350105707
3 1 3 0.4964524294704762
3 2 1 0.06873321533203125
3 2 2 0.13084819593816063
3 2 3 0.3102827684190475
4 1 1 0.10997314453125002
4 1 2 0.20935711350105707
4 1 3 0.4964524294704762
4 2 1 0.06873321533203125
4 2 2 0.13084819593816063
4 2 3 0.3102827684190475
5 1 1 0.10997314453125002
5 1 2 0.20935711350105707
5 1 3 0.4964524294704762
5 2 1 0.06873321533203125
5 2 2 0.13084819593816063
5 2 3 0.3102827684190475 ;

# 21 cost per kilo
param C_kg :=
1 1 1 0.0070495605468750035
1 1 2 0.0030595174524933127
1 1 3 8.114541859150757E-4
1 2 1 0.0028198242187500006
1 2 2 0.0012238069809973242
1 2 3 3.245816743660299E-4
2 1 1 0.004564315080642704
2 1 2 8.114541859150757E-4
2 1 3 . 
2 2 1 0.0018257260322570804
2 2 2 3.245816743660299E-4
2 2 3 . 
3 1 1 0.0070495605468750035
3 1 2 0.0030595174524933127
3 1 3 8.114541859150757E-4
3 2 1 0.0028198242187500006
3 2 2 0.0012238069809973242
3 2 3 3.245816743660299E-4
4 1 1 0.0070495605468750035
4 1 2 0.0030595174524933127
4 1 3 8.114541859150757E-4
4 2 1 0.0028198242187500006
4 2 2 0.0012238069809973242
4 2 3 3.245816743660299E-4
5 1 1 0.0070495605468750035
5 1 2 0.0030595174524933127
5 1 3 8.114541859150757E-4
5 2 1 0.0028198242187500006
5 2 2 0.0012238069809973242
5 2 3 3.245816743660299E-4 ;

# 22 fixed costs
param C_fix :=
1 1 1 86.0625
1 1 2 202.5
1 1 3 764.94375
1 2 1 653.537109375
1 2 2 1537.734375
1 2 3 5808.7916015625
2 1 1 159.90504192000003
2 1 2 894.8759938560002
2 1 3 . 
2 2 1 1477.3559627052468
2 2 2 8267.721702398621
2 2 3 . 
3 1 1 122.97711871999996
3 1 2 289.35792639999994
3 1 3 1093.0495669759996
3 2 1 1458.9605667660978
3 2 2 3432.848392390819
3 2 3 12967.584802256317
4 1 1 122.97711871999996
4 1 2 289.35792639999994
4 1 3 1093.0495669759996
4 2 1 1458.9605667660978
4 2 2 3432.848392390819
4 2 3 12967.584802256317
5 1 1 122.97711871999996
5 1 2 289.35792639999994
5 1 3 1093.0495669759996
5 2 1 1458.9605667660978
5 2 2 3432.848392390819
5 2 3 12967.584802256317 ;

# 23 stopping costs
param C_stop_2 :=
1 1 20.0
1 2 26.0
1 3 20.0
1 4 23.0
1 5 22.0
1 6 25.0
2 1 30.0
2 2 39.0
2 3 30.0
2 4 34.5
2 5 33.0
2 6 37.5
3 1 40.0
3 2 52.0
3 3 40.0
3 4 46.0
3 5 44.0
3 6 50.0
4 1 40.0
4 2 52.0
4 3 40.0
4 4 46.0
4 5 44.0
4 6 50.0
5 1 40.0
5 2 52.0
5 3 40.0
5 4 46.0
5 5 44.0
5 6 50.0 ;

# 24 cost of no transport
param C_2 :=
1 45162.17308037232
2 31630.656723718756
3 47532.08617628203
4 49757.990773514284
5 42384.3764212367
6 42975.13095695349
7 32068.12348400645
8 76592.69578392427
9 118959.62414515932 ;

# 25 timewindow amounts at location
param pi_2 :=
1 3
2 4
3 3
4 4
5 3
6 4 ;

# 26 timewindow lower bounds
param T_l_2 :=
1 1 120.0
1 2 1560.0
1 3 3000.0
1 4 . 
2 1 60.0
2 2 1500.0
2 3 2940.0
2 4 4380.0
3 1 0.0
3 2 1440.0
3 3 2880.0
3 4 . 
4 1 120.0
4 2 1560.0
4 3 3000.0
4 4 4440.0
5 1 0.0
5 2 1440.0
5 3 2880.0
5 4 . 
6 1 0.0
6 2 1440.0
6 3 2880.0
6 4 4320.0 ;

# 27 timewindow upper bounds
param T_u_2 :=
1 1 420.0
1 2 1860.0
1 3 3300.0
1 4 . 
2 1 240.0
2 2 1680.0
2 3 3120.0
2 4 4560.0
3 1 240.0
3 2 1620.0
3 3 3060.0
3 4 . 
4 1 360.0
4 2 1860.0
4 3 3300.0
4 4 4740.0
5 1 240.0
5 2 1620.0
5 3 3060.0
5 4 . 
6 1 300.0
6 2 1620.0
6 3 3060.0
6 4 4500.0 ;

# 28 Travel time
param T_2 :=
1 1 1 . 
1 1 2 1.8027756377319943
1 1 3 2.23606797749979
1 1 4 233.70736887075344
1 1 5 146.63072957712097
1 1 6 127.5041493061546
1 2 1 1.8027756377319943
1 2 2 . 
1 2 3 2.06155281280883
1 2 4 219.4137964927502
1 2 5 141.43255373859677
1 2 6 122.30494675196093
1 3 1 2.23606797749979
1 3 2 2.06155281280883
1 3 3 . 
1 3 4 236.14146548137236
1 3 5 134.69231387186062
1 3 6 137.5370313937279
1 4 1 233.70736887075344
1 4 2 219.4137964927502
1 4 3 236.14146548137236
1 4 4 . 
1 4 5 85.58448102845921
1 4 6 93.04103221162393
1 5 1 146.63072957712097
1 5 2 141.43255373859677
1 5 3 134.69231387186062
1 5 4 85.58448102845921
1 5 5 . 
1 5 6 2.549509756796392
1 6 1 127.5041493061546
1 6 2 122.30494675196093
1 6 3 137.5370313937279
1 6 4 93.04103221162393
1 6 5 2.549509756796392
1 6 6 . 
2 1 1 . 
2 1 2 1.847845028675294
2 1 3 2.2919696769372844
2 1 4 239.55005309252226
2 1 5 150.296497816549
2 1 6 130.69175303880846
2 2 1 1.847845028675294
2 2 2 . 
2 2 3 2.1130916331290504
2 2 4 224.89914140506895
2 2 5 144.96836758206166
2 2 6 125.36257042075994
2 3 1 2.2919696769372844
2 3 2 2.1130916331290504
2 3 3 . 
2 3 4 242.04500211840664
2 3 5 138.05962171865713
2 3 6 140.97545717857108
2 4 1 239.55005309252226
2 4 2 224.89914140506895
2 4 3 242.04500211840664
2 4 4 . 
2 4 5 87.72409305417068
2 4 6 95.36705801691451
2 5 1 150.296497816549
2 5 2 144.96836758206166
2 5 3 138.05962171865713
2 5 4 87.72409305417068
2 5 5 . 
2 5 6 2.613247500716301
2 6 1 130.69175303880846
2 6 2 125.36257042075994
2 6 3 140.97545717857108
2 6 4 95.36705801691451
2 6 5 2.613247500716301
2 6 6 . 
3 1 1 . 
3 1 2 1.847845028675294
3 1 3 2.2919696769372844
3 1 4 239.55005309252226
3 1 5 150.296497816549
3 1 6 130.69175303880846
3 2 1 1.847845028675294
3 2 2 . 
3 2 3 2.1130916331290504
3 2 4 224.89914140506895
3 2 5 144.96836758206166
3 2 6 125.36257042075994
3 3 1 2.2919696769372844
3 3 2 2.1130916331290504
3 3 3 . 
3 3 4 242.04500211840664
3 3 5 138.05962171865713
3 3 6 140.97545717857108
3 4 1 239.55005309252226
3 4 2 224.89914140506895
3 4 3 242.04500211840664
3 4 4 . 
3 4 5 87.72409305417068
3 4 6 95.36705801691451
3 5 1 150.296497816549
3 5 2 144.96836758206166
3 5 3 138.05962171865713
3 5 4 87.72409305417068
3 5 5 . 
3 5 6 2.613247500716301
3 6 1 130.69175303880846
3 6 2 125.36257042075994
3 6 3 140.97545717857108
3 6 4 95.36705801691451
3 6 5 2.613247500716301
3 6 6 . 
4 1 1 . 
4 1 2 1.892914419618594
4 1 3 2.3478713763747794
4 1 4 245.3927373142911
4 1 5 153.96226605597704
4 1 6 133.87935677146234
4 2 1 1.892914419618594
4 2 2 . 
4 2 3 2.1646304534492713
4 2 4 230.38448631738774
4 2 5 148.5041814255266
4 2 6 128.42019408955898
4 3 1 2.3478713763747794
4 3 2 2.1646304534492713
4 3 3 . 
4 3 4 247.948538755441
4 3 5 141.42692956545366
4 3 6 144.4138829634143
4 4 1 245.3927373142911
4 4 2 230.38448631738774
4 4 3 247.948538755441
4 4 4 . 
4 4 5 89.86370507988217
4 4 6 97.69308382220512
4 5 1 153.96226605597704
4 5 2 148.5041814255266
4 5 3 141.42692956545366
4 5 4 89.86370507988217
4 5 5 . 
4 5 6 2.6769852446362115
4 6 1 133.87935677146234
4 6 2 128.42019408955898
4 6 3 144.4138829634143
4 6 4 97.69308382220512
4 6 5 2.6769852446362115
4 6 6 . 
5 1 1 . 
5 1 2 1.892914419618594
5 1 3 2.3478713763747794
5 1 4 245.3927373142911
5 1 5 153.96226605597704
5 1 6 133.87935677146234
5 2 1 1.892914419618594
5 2 2 . 
5 2 3 2.1646304534492713
5 2 4 230.38448631738774
5 2 5 148.5041814255266
5 2 6 128.42019408955898
5 3 1 2.3478713763747794
5 3 2 2.1646304534492713
5 3 3 . 
5 3 4 247.948538755441
5 3 5 141.42692956545366
5 3 6 144.4138829634143
5 4 1 245.3927373142911
5 4 2 230.38448631738774
5 4 3 247.948538755441
5 4 4 . 
5 4 5 89.86370507988217
5 4 6 97.69308382220512
5 5 1 153.96226605597704
5 5 2 148.5041814255266
5 5 3 141.42692956545366
5 5 4 89.86370507988217
5 5 5 . 
5 5 6 2.6769852446362115
5 6 1 133.87935677146234
5 6 2 128.42019408955898
5 6 3 144.4138829634143
5 6 4 97.69308382220512
5 6 5 2.6769852446362115
5 6 6 . ;

# 29 Travel distance
param D_2 :=
1 1 . 
1 2 3.605551275463989
1 3 4.47213595499958
1 4 347.4147377415069
1 5 237.26145915424192
1 6 241.0082986123092
2 1 3.605551275463989
2 2 . 
2 3 4.123105625617661
2 4 350.8275929855005
2 5 240.86510747719356
2 6 244.60989350392188
3 1 4.47213595499958
3 2 4.123105625617661
3 3 . 
3 4 348.28293096274473
3 5 239.38462774372127
3 6 243.0740627874558
4 1 347.4147377415069
4 2 350.8275929855005
4 3 348.28293096274473
4 4 . 
4 5 139.16896205691842
4 6 134.08206442324789
5 1 237.26145915424192
5 2 240.86510747719356
5 3 239.38462774372127
5 4 139.16896205691842
5 5 . 
5 6 5.0990195135927845
6 1 241.0082986123092
6 2 244.60989350392188
6 3 243.0740627874558
6 4 134.08206442324789
6 5 5.0990195135927845
6 6 . ;

