# 1 amount of Vehicles
param nv :=
6 ;

# 2 amount of Orders
param no :=
10 ;

# 3 amount of locations
param nl :=
7 ;

# 4 amount of factories
param nf :=
3 ;

# 5 factory sets
set N_f_2[1] :=  4 ;
set N_f_2[2] :=  5 7 ;
set N_f_2[3] :=  6 ;

# 6 factory stop capacities
param H :=
1 1
2 1
3 1 ;

# 7 pickup locations for each order
param L_pd :=
1 2
2 3
3 1
4 3
5 2
6 3
7 2
8 1
9 2
10 2 ;

# 8 delivery locations for each order
param L_dd :=
1 5
2 6
3 7
4 4
5 7
6 4
7 7
8 4
9 7
10 6 ;

# 9 location sets
set L_2[1] :=  3 8 ;
set L_2[2] :=  1 5 7 9 10 ;
set L_2[3] :=  2 4 6 ;
set L_2[4] :=  4 6 8 ;
set L_2[5] :=  1 ;
set L_2[6] :=  2 10 ;
set L_2[7] :=  3 5 7 9 ;

# 10 order weights
param Q_kg_2 :=
1 173.86714671739222
2 1896.0554794128357
3 683.1981361627252
4 1974.790525710735
5 334.01824248356814
6 265.33944309519376
7 1735.2548483360847
8 1887.0460529319769
9 1795.2992689328373
10 8692.059579859528 ;

# 11 order volumes
param Q_vol_2 :=
1 0.5713425670016437
2 15.320565216818798
3 18.249495707588395
4 23.394261693800573
5 2.9146583647705837
6 1.7470040002877905
7 5.228487826310079
8 24.214191265026653
9 11.9903913267525
10 82.66176964044735 ;

# 12 Locations vehicle can visit
set N_v_2[1] := 1 2 3 4 5 6 7 ;
set N_v_2[2] := 1 2 3 4 5 6 7 ;
set N_v_2[3] := 1 2 3 4 5 6 7 ;
set N_v_2[4] := 1 2 3 4 5 6 7 ;
set N_v_2[5] := 1 2 3 4 5 6 7 ;
set N_v_2[6] := 1 2 3 4 5 6 7 ;

# 13 Orders vehicles can pick up
set N_vp_2[1] := 1 2 3 5 6 7 8 9 ;
set N_vp_2[2] := 1 2 3 5 6 7 8 9 ;
set N_vp_2[3] := 1 2 3 4 5 6 7 8 9 ;
set N_vp_2[4] := 1 2 3 4 5 6 7 8 9 ;
set N_vp_2[5] := 1 2 3 4 5 6 7 8 9 10 ;
set N_vp_2[6] := 1 2 3 4 5 6 7 8 9 10 ;

# 14 vehicle weight capacity
param K_kg :=
1 12000.0
2 12000.0
3 18000.0
4 18000.0
5 24000.0
6 24000.0 ;

# 15 vehicle volume capacity
param K_vol :=
1 55.0
2 55.0
3 71.0
4 71.0
5 102.0
6 102.0 ;

# 16 amount of distance intervals
param na :=
1 2
2 2
3 2
4 2
5 2
6 2 ;

# 17 amount of weight intervals
param nb :=
1 2
2 2
3 3
4 3
5 2
6 2 ;

# 18 Distance intervals
param B_2 :=
1 1 1500.0
1 2 9999999.0
2 1 1500.0
2 2 9999999.0
3 1 1500.0
3 2 9999999.0
4 1 1500.0
4 2 9999999.0
5 1 1500.0
5 2 9999999.0
6 1 1500.0
6 2 9999999.0 ;

# 19 Weight intervals
param Z_2 :=
1 1 1500.0
1 2 24000.0
1 3 . 
2 1 1500.0
2 2 24000.0
2 3 . 
3 1 700.0
3 2 3000.0
3 3 24000.0
4 1 700.0
4 2 3000.0
4 3 24000.0
5 1 1500.0
5 2 24000.0
5 3 . 
6 1 1500.0
6 2 24000.0
6 3 . ;

# 20 cost per kilometer
param C_km :=
1 1 1 0.11574494469165798
1 1 2 0.3723393221028571
1 1 3 . 
1 2 1 0.07716329646110535
1 2 2 0.2482262147352381
1 2 3 . 
2 1 1 0.11574494469165798
2 1 2 0.3723393221028571
2 1 3 . 
2 2 1 0.07716329646110535
2 2 2 0.2482262147352381
2 2 3 . 
3 1 1 0.09622650146484377
3 1 2 0.18318747431342491
3 1 3 0.43439587578666683
3 2 1 0.060485229492187494
3 2 2 0.11514641242558135
3 2 3 0.2730488362087619
4 1 1 0.09622650146484377
4 1 2 0.18318747431342491
4 1 3 0.43439587578666683
4 2 1 0.060485229492187494
4 2 2 0.11514641242558135
4 2 3 0.2730488362087619
5 1 1 0.1543265929222107
5 1 2 0.4964524294704762
5 1 3 . 
5 2 1 0.09645412057638168
5 2 2 0.3102827684190475
5 2 3 . 
6 1 1 0.1543265929222107
6 1 2 0.4964524294704762
6 1 3 . 
6 2 1 0.09645412057638168
6 2 2 0.3102827684190475
6 2 3 . ;

# 21 cost per kilo
param C_kg :=
1 1 1 0.004564315080642704
1 1 2 8.114541859150757E-4
1 1 3 . 
1 2 1 0.0018257260322570804
1 2 2 3.245816743660299E-4
1 2 3 . 
2 1 1 0.004564315080642704
2 1 2 8.114541859150757E-4
2 1 3 . 
2 2 1 0.0018257260322570804
2 2 2 3.245816743660299E-4
2 2 3 . 
3 1 1 0.0070495605468750035
3 1 2 0.0030595174524933127
3 1 3 8.114541859150757E-4
3 2 1 0.0028198242187500006
3 2 2 0.0012238069809973242
3 2 3 3.245816743660299E-4
4 1 1 0.0070495605468750035
4 1 2 0.0030595174524933127
4 1 3 8.114541859150757E-4
4 2 1 0.0028198242187500006
4 2 2 0.0012238069809973242
4 2 3 3.245816743660299E-4
5 1 1 0.004564315080642704
5 1 2 8.114541859150757E-4
5 1 3 . 
5 2 1 0.0018257260322570804
5 2 2 3.245816743660299E-4
5 2 3 . 
6 1 1 0.004564315080642704
6 1 2 8.114541859150757E-4
6 1 3 . 
6 2 1 0.0018257260322570804
6 2 2 3.245816743660299E-4
6 2 3 . ;

# 22 fixed costs
param C_fix :=
1 1 1 136.6875
1 1 2 764.94375
1 1 3 . 
1 2 1 1037.970703125
1 2 2 5808.7916015625
1 2 3 . 
2 1 1 136.6875
2 1 2 764.94375
2 1 3 . 
2 2 1 1037.970703125
2 2 2 5808.7916015625
2 2 3 . 
3 1 1 100.68095232000002
3 1 2 236.89635840000005
3 1 3 894.8759938560002
3 2 1 930.1870876292295
3 2 2 2188.6755003040694
3 2 3 8267.721702398621
4 1 1 100.68095232000002
4 1 2 236.89635840000005
4 1 3 894.8759938560002
4 2 1 930.1870876292295
4 2 2 2188.6755003040694
4 2 3 8267.721702398621
5 1 1 195.31660031999994
5 1 2 1093.0495669759996
5 1 3 . 
5 2 1 2317.1726648638028
5 2 2 12967.584802256317
5 2 3 . 
6 1 1 195.31660031999994
6 1 2 1093.0495669759996
6 1 3 . 
6 2 1 2317.1726648638028
6 2 2 12967.584802256317
6 2 3 . ;

# 23 stopping costs
param C_stop_2 :=
1 1 21.0
1 2 27.0
1 3 23.0
1 4 26.0
1 5 20.0
1 6 28.0
1 7 26.0
2 1 21.0
2 2 27.0
2 3 23.0
2 4 26.0
2 5 20.0
2 6 28.0
2 7 26.0
3 1 31.5
3 2 40.5
3 3 34.5
3 4 39.0
3 5 30.0
3 6 42.0
3 7 39.0
4 1 31.5
4 2 40.5
4 3 34.5
4 4 39.0
4 5 30.0
4 6 42.0
4 7 39.0
5 1 42.0
5 2 54.0
5 3 46.0
5 4 52.0
5 5 40.0
5 6 56.0
5 7 52.0
6 1 42.0
6 2 54.0
6 3 46.0
6 4 52.0
6 5 40.0
6 6 56.0
6 7 52.0 ;

# 24 cost of no transport
param C_2 :=
1 61696.75799708776
2 74968.18118454066
3 45166.32988295803
4 75755.19592891316
5 65586.99176053588
6 37013.42740924496
7 81913.18728060056
8 75724.73090802287
9 89275.5349870105
10 222126.39254080126 ;

# 25 timewindow amounts at location
param pi_2 :=
1 3
2 4
3 4
4 4
5 4
6 3
7 3 ;

# 26 timewindow lower bounds
param T_l_2 :=
1 1 60.0
1 2 1500.0
1 3 2940.0
1 4 . 
2 1 60.0
2 2 360.0
2 3 1500.0
2 4 1860.0
3 1 60.0
3 2 360.0
3 3 1500.0
3 4 1740.0
4 1 120.0
4 2 1560.0
4 3 3000.0
4 4 4440.0
5 1 0.0
5 2 360.0
5 3 1440.0
5 4 1800.0
6 1 0.0
6 2 420.0
6 3 1440.0
6 4 . 
7 1 0.0
7 2 420.0
7 3 1440.0
7 4 . ;

# 27 timewindow upper bounds
param T_u_2 :=
1 1 300.0
1 2 1740.0
1 3 3180.0
1 4 . 
2 1 300.0
2 2 660.0
2 3 1740.0
2 4 2160.0
3 1 240.0
3 2 540.0
3 3 1680.0
3 4 1920.0
4 1 420.0
4 2 1860.0
4 3 3300.0
4 4 4740.0
5 1 240.0
5 2 600.0
5 3 1680.0
5 4 2040.0
6 1 300.0
6 2 720.0
6 3 1740.0
6 4 . 
7 1 300.0
7 2 720.0
7 3 1740.0
7 4 . ;

# 28 Travel time
param T_2 :=
1 1 1 . 
1 1 2 763.9673655992335
1 1 3 0.5
1 1 4 235.66798522794107
1 1 5 1.8027756377319943
1 1 6 438.50108853238766
1 1 7 1.414213562373095
1 2 1 763.9673655992335
1 2 2 . 
1 2 3 792.7854610481206
1 2 4 718.2612109106143
1 2 5 759.4457327152031
1 2 6 648.4004516959772
1 2 7 813.5358495154936
1 3 1 0.5
1 3 2 792.7854610481206
1 3 3 . 
1 3 4 271.2171496334207
1 3 5 2.23606797749979
1 3 6 442.7843528932251
1 3 7 1.118033988749895
1 4 1 235.66798522794107
1 4 2 718.2612109106143
1 4 3 271.2171496334207
1 4 4 . 
1 4 5 289.45293596465075
1 4 6 499.66692466452537
1 4 7 224.20228352708253
1 5 1 1.8027756377319943
1 5 2 759.4457327152031
1 5 3 2.23606797749979
1 5 4 289.45293596465075
1 5 5 . 
1 5 6 407.4811315587546
1 5 7 2.5
1 6 1 438.50108853238766
1 6 2 648.4004516959772
1 6 3 442.7843528932251
1 6 4 499.66692466452537
1 6 5 407.4811315587546
1 6 6 . 
1 6 7 463.8916015170071
1 7 1 1.414213562373095
1 7 2 813.5358495154936
1 7 3 1.118033988749895
1 7 4 224.20228352708253
1 7 5 2.5
1 7 6 463.8916015170071
1 7 7 . 
2 1 1 . 
2 1 2 763.9673655992335
2 1 3 0.5
2 1 4 235.66798522794107
2 1 5 1.8027756377319943
2 1 6 438.50108853238766
2 1 7 1.414213562373095
2 2 1 763.9673655992335
2 2 2 . 
2 2 3 792.7854610481206
2 2 4 718.2612109106143
2 2 5 759.4457327152031
2 2 6 648.4004516959772
2 2 7 813.5358495154936
2 3 1 0.5
2 3 2 792.7854610481206
2 3 3 . 
2 3 4 271.2171496334207
2 3 5 2.23606797749979
2 3 6 442.7843528932251
2 3 7 1.118033988749895
2 4 1 235.66798522794107
2 4 2 718.2612109106143
2 4 3 271.2171496334207
2 4 4 . 
2 4 5 289.45293596465075
2 4 6 499.66692466452537
2 4 7 224.20228352708253
2 5 1 1.8027756377319943
2 5 2 759.4457327152031
2 5 3 2.23606797749979
2 5 4 289.45293596465075
2 5 5 . 
2 5 6 407.4811315587546
2 5 7 2.5
2 6 1 438.50108853238766
2 6 2 648.4004516959772
2 6 3 442.7843528932251
2 6 4 499.66692466452537
2 6 5 407.4811315587546
2 6 6 . 
2 6 7 463.8916015170071
2 7 1 1.414213562373095
2 7 2 813.5358495154936
2 7 3 1.118033988749895
2 7 4 224.20228352708253
2 7 5 2.5
2 7 6 463.8916015170071
2 7 7 . 
3 1 1 . 
3 1 2 783.0665497392143
3 1 3 0.5125
3 1 4 241.55968485863957
3 1 5 1.847845028675294
3 1 6 449.4636157456973
3 1 7 1.4495689014324222
3 2 1 783.0665497392143
3 2 2 . 
3 2 3 812.6050975743236
3 2 4 736.2177411833796
3 2 5 778.4318760330831
3 2 6 664.6104629883765
3 2 7 833.8742457533809
3 3 1 0.5125
3 3 2 812.6050975743236
3 3 3 . 
3 3 4 277.9975783742562
3 3 5 2.2919696769372844
3 3 6 453.85396171555567
3 3 7 1.1459848384686422
3 4 1 241.55968485863957
3 4 2 736.2177411833796
3 4 3 277.9975783742562
3 4 4 . 
3 4 5 296.689259363767
3 4 6 512.1585977811385
3 4 7 229.80734061525956
3 5 1 1.847845028675294
3 5 2 778.4318760330831
3 5 3 2.2919696769372844
3 5 4 296.689259363767
3 5 5 . 
3 5 6 417.6681598477234
3 5 7 2.5625
3 6 1 449.4636157456973
3 6 2 664.6104629883765
3 6 3 453.85396171555567
3 6 4 512.1585977811385
3 6 5 417.6681598477234
3 6 6 . 
3 6 7 475.4888915549322
3 7 1 1.4495689014324222
3 7 2 833.8742457533809
3 7 3 1.1459848384686422
3 7 4 229.80734061525956
3 7 5 2.5625
3 7 6 475.4888915549322
3 7 7 . 
4 1 1 . 
4 1 2 783.0665497392143
4 1 3 0.5125
4 1 4 241.55968485863957
4 1 5 1.847845028675294
4 1 6 449.4636157456973
4 1 7 1.4495689014324222
4 2 1 783.0665497392143
4 2 2 . 
4 2 3 812.6050975743236
4 2 4 736.2177411833796
4 2 5 778.4318760330831
4 2 6 664.6104629883765
4 2 7 833.8742457533809
4 3 1 0.5125
4 3 2 812.6050975743236
4 3 3 . 
4 3 4 277.9975783742562
4 3 5 2.2919696769372844
4 3 6 453.85396171555567
4 3 7 1.1459848384686422
4 4 1 241.55968485863957
4 4 2 736.2177411833796
4 4 3 277.9975783742562
4 4 4 . 
4 4 5 296.689259363767
4 4 6 512.1585977811385
4 4 7 229.80734061525956
4 5 1 1.847845028675294
4 5 2 778.4318760330831
4 5 3 2.2919696769372844
4 5 4 296.689259363767
4 5 5 . 
4 5 6 417.6681598477234
4 5 7 2.5625
4 6 1 449.4636157456973
4 6 2 664.6104629883765
4 6 3 453.85396171555567
4 6 4 512.1585977811385
4 6 5 417.6681598477234
4 6 6 . 
4 6 7 475.4888915549322
4 7 1 1.4495689014324222
4 7 2 833.8742457533809
4 7 3 1.1459848384686422
4 7 4 229.80734061525956
4 7 5 2.5625
4 7 6 475.4888915549322
4 7 7 . 
5 1 1 . 
5 1 2 802.1657338791953
5 1 3 0.525
5 1 4 247.45138448933812
5 1 5 1.892914419618594
5 1 6 460.42614295900705
5 1 7 1.4849242404917498
5 2 1 802.1657338791953
5 2 2 . 
5 2 3 832.4247341005267
5 2 4 754.174271456145
5 2 5 797.4180193509633
5 2 6 680.820474280776
5 2 7 854.2126419912684
5 3 1 0.525
5 3 2 832.4247341005267
5 3 3 . 
5 3 4 284.7780071150918
5 3 5 2.3478713763747794
5 3 6 464.9235705378864
5 3 7 1.1739356881873897
5 4 1 247.45138448933812
5 4 2 754.174271456145
5 4 3 284.7780071150918
5 4 4 . 
5 4 5 303.9255827628833
5 4 6 524.6502708977516
5 4 7 235.41239770343665
5 5 1 1.892914419618594
5 5 2 797.4180193509633
5 5 3 2.3478713763747794
5 5 4 303.9255827628833
5 5 5 . 
5 5 6 427.85518813669233
5 5 7 2.625
5 6 1 460.42614295900705
5 6 2 680.820474280776
5 6 3 464.9235705378864
5 6 4 524.6502708977516
5 6 5 427.85518813669233
5 6 6 . 
5 6 7 487.08618159285743
5 7 1 1.4849242404917498
5 7 2 854.2126419912684
5 7 3 1.1739356881873897
5 7 4 235.41239770343665
5 7 5 2.625
5 7 6 487.08618159285743
5 7 7 . 
6 1 1 . 
6 1 2 802.1657338791953
6 1 3 0.525
6 1 4 247.45138448933812
6 1 5 1.892914419618594
6 1 6 460.42614295900705
6 1 7 1.4849242404917498
6 2 1 802.1657338791953
6 2 2 . 
6 2 3 832.4247341005267
6 2 4 754.174271456145
6 2 5 797.4180193509633
6 2 6 680.820474280776
6 2 7 854.2126419912684
6 3 1 0.525
6 3 2 832.4247341005267
6 3 3 . 
6 3 4 284.7780071150918
6 3 5 2.3478713763747794
6 3 6 464.9235705378864
6 3 7 1.1739356881873897
6 4 1 247.45138448933812
6 4 2 754.174271456145
6 4 3 284.7780071150918
6 4 4 . 
6 4 5 303.9255827628833
6 4 6 524.6502708977516
6 4 7 235.41239770343665
6 5 1 1.892914419618594
6 5 2 797.4180193509633
6 5 3 2.3478713763747794
6 5 4 303.9255827628833
6 5 5 . 
6 5 6 427.85518813669233
6 5 7 2.625
6 6 1 460.42614295900705
6 6 2 680.820474280776
6 6 3 464.9235705378864
6 6 4 524.6502708977516
6 6 5 427.85518813669233
6 6 6 . 
6 6 7 487.08618159285743
6 7 1 1.4849242404917498
6 7 2 854.2126419912684
6 7 3 1.1739356881873897
6 7 4 235.41239770343665
6 7 5 2.625
6 7 6 487.08618159285743
6 7 7 . ;

# 29 Travel distance
param D_2 :=
1 1 . 
1 2 1309.934731198467
1 3 1.0
1 4 421.33597045588215
1 5 3.605551275463989
1 6 689.0021770647753
1 7 2.8284271247461903
2 1 1309.934731198467
2 2 . 
2 3 1309.5709220962415
2 4 1042.5224218212288
2 5 1312.8914654304065
2 6 1084.8009033919543
2 7 1311.0716990309875
3 1 1.0
3 2 1309.5709220962415
3 3 . 
3 4 420.43429926684144
3 5 4.47213595499958
3 6 689.5687057864502
3 7 2.23606797749979
4 1 421.33597045588215
4 2 1042.5224218212288
4 3 420.43429926684144
4 4 . 
4 5 424.90587192930155
4 6 861.3338493290508
4 7 420.4045670541651
5 1 3.605551275463989
5 2 1312.8914654304065
5 3 4.47213595499958
5 4 424.90587192930155
5 5 . 
5 6 688.9622631175092
5 7 5.0
6 1 689.0021770647753
6 2 1084.8009033919543
6 3 689.5687057864502
6 4 861.3338493290508
6 5 688.9622631175092
6 6 . 
6 7 691.7832030340142
7 1 2.8284271247461903
7 2 1311.0716990309875
7 3 2.23606797749979
7 4 420.4045670541651
7 5 5.0
7 6 691.7832030340142
7 7 . ;

