# 1 amount of Vehicles
param nv :=
5 ;

# 2 amount of Orders
param no :=
9 ;

# 3 amount of locations
param nl :=
6 ;

# 4 amount of factories
param nf :=
2 ;

# 5 factory sets
set N_f_2[1] :=  4 ;
set N_f_2[2] :=  5 6 ;

# 6 factory stop capacities
param H :=
1 1
2 1 ;

# 7 pickup locations for each order
param L_pd :=
1 2
2 1
3 3
4 2
5 3
6 2
7 3
8 2
9 1 ;

# 8 delivery locations for each order
param L_dd :=
1 5
2 6
3 4
4 6
5 5
6 6
7 5
8 6
9 6 ;

# 9 location sets
set L_2[1] :=  2 9 ;
set L_2[2] :=  1 4 6 8 ;
set L_2[3] :=  3 5 7 ;
set L_2[4] :=  3 ;
set L_2[5] :=  1 5 7 ;
set L_2[6] :=  2 4 6 8 9 ;

# 10 order weights
param Q_kg_2 :=
1 296.25711803717905
2 703.1255147693694
3 1804.3707894398601
4 1054.7978042827312
5 1868.4102122079807
6 1208.3487989198509
7 650.51108160195
8 72.32695624592056
9 6534.294536385819 ;

# 11 order volumes
param Q_vol_2 :=
1 0.7333307669382496
2 7.871206789090999
3 4.1185431417613
4 11.968396017446826
5 16.103107869881235
6 3.141713364875641
7 14.677111144759909
8 0.9505031953105699
9 25.44954187611114 ;

# 12 Locations vehicle can visit
set N_v_2[1] := 1 2 3 4 5 6 ;
set N_v_2[2] := 1 2 3 4 5 6 ;
set N_v_2[3] := 1 2 3 4 5 6 ;
set N_v_2[4] := 1 2 3 4 5 6 ;
set N_v_2[5] := 1 2 3 4 5 6 ;

# 13 Orders vehicles can pick up
set N_vp_2[1] := 1 2 3 4 5 6 8 9 ;
set N_vp_2[2] := 1 2 3 4 5 6 7 8 9 ;
set N_vp_2[3] := 1 2 3 4 5 6 7 8 9 ;
set N_vp_2[4] := 1 2 3 4 5 6 7 8 9 ;
set N_vp_2[5] := 1 2 3 4 5 6 7 8 9 ;

# 14 vehicle weight capacity
param K_kg :=
1 12000.0
2 18000.0
3 24000.0
4 24000.0
5 24000.0 ;

# 15 vehicle volume capacity
param K_vol :=
1 55.0
2 71.0
3 102.0
4 102.0
5 102.0 ;

# 16 amount of distance intervals
param na :=
1 2
2 2
3 2
4 2
5 2 ;

# 17 amount of weight intervals
param nb :=
1 3
2 4
3 3
4 3
5 3 ;

# 18 Distance intervals
param B_2 :=
1 1 1500.0
1 2 9999999.0
2 1 1500.0
2 2 9999999.0
3 1 1500.0
3 2 9999999.0
4 1 1500.0
4 2 9999999.0
5 1 1500.0
5 2 9999999.0 ;

# 19 Weight intervals
param Z_2 :=
1 1 700.0
1 2 3000.0
1 3 24000.0
1 4 . 
2 1 500.0
2 2 1500.0
2 3 5000.0
2 4 24000.0
3 1 700.0
3 2 3000.0
3 3 24000.0
3 4 . 
4 1 700.0
4 2 3000.0
4 3 24000.0
4 4 . 
5 1 700.0
5 2 3000.0
5 3 24000.0
5 4 . ;

# 20 cost per kilometer
param C_km :=
1 1 1 0.08247985839843748
1 1 2 0.15701783512579273
1 1 3 0.3723393221028571
1 1 4 . 
1 2 1 0.05498657226562501
1 2 2 0.10467855675052853
1 2 3 0.2482262147352381
1 2 4 . 
2 1 1 0.08290283203125001
2 1 2 0.13503576880693438
2 1 3 0.22939324350408793
2 1 4 0.43439587578666683
2 2 1 0.05211035156249999
2 2 2 0.08487962610721587
2 2 3 0.14419003877399808
2 2 4 0.2730488362087619
3 1 1 0.10997314453125002
3 1 2 0.20935711350105707
3 1 3 0.4964524294704762
3 1 4 . 
3 2 1 0.06873321533203125
3 2 2 0.13084819593816063
3 2 3 0.3102827684190475
3 2 4 . 
4 1 1 0.10997314453125002
4 1 2 0.20935711350105707
4 1 3 0.4964524294704762
4 1 4 . 
4 2 1 0.06873321533203125
4 2 2 0.13084819593816063
4 2 3 0.3102827684190475
4 2 4 . 
5 1 1 0.10997314453125002
5 1 2 0.20935711350105707
5 1 3 0.4964524294704762
5 1 4 . 
5 2 1 0.06873321533203125
5 2 2 0.13084819593816063
5 2 3 0.3102827684190475
5 2 4 . ;

# 21 cost per kilo
param C_kg :=
1 1 1 0.0070495605468750035
1 1 2 0.0030595174524933127
1 1 3 8.114541859150757E-4
1 1 4 . 
1 2 1 0.0028198242187500006
1 2 2 0.0012238069809973242
1 2 3 3.245816743660299E-4
1 2 4 . 
2 1 1 0.008544921875000003
2 1 2 0.004564315080642704
2 1 3 0.0022787031026382486
2 1 4 8.114541859150757E-4
2 2 1 0.003417968750000001
2 2 2 0.0018257260322570804
2 2 3 9.114812410552988E-4
2 2 4 3.245816743660299E-4
3 1 1 0.0070495605468750035
3 1 2 0.0030595174524933127
3 1 3 8.114541859150757E-4
3 1 4 . 
3 2 1 0.0028198242187500006
3 2 2 0.0012238069809973242
3 2 3 3.245816743660299E-4
3 2 4 . 
4 1 1 0.0070495605468750035
4 1 2 0.0030595174524933127
4 1 3 8.114541859150757E-4
4 1 4 . 
4 2 1 0.0028198242187500006
4 2 2 0.0012238069809973242
4 2 3 3.245816743660299E-4
4 2 4 . 
5 1 1 0.0070495605468750035
5 1 2 0.0030595174524933127
5 1 3 8.114541859150757E-4
5 1 4 . 
5 2 1 0.0028198242187500006
5 2 2 0.0012238069809973242
5 2 3 3.245816743660299E-4
5 2 4 . ;

# 22 fixed costs
param C_fix :=
1 1 1 86.0625
1 1 2 202.5
1 1 3 764.94375
1 1 4 . 
1 2 1 653.537109375
1 2 2 1537.734375
1 2 3 5808.7916015625
1 2 4 . 
2 1 1 71.06890752000001
2 1 2 159.90504192000003
2 1 3 343.49971968000006
2 1 4 894.8759938560002
2 2 1 656.6026500912208
2 2 2 1477.3559627052468
2 2 3 3173.5794754409003
2 2 4 8267.721702398621
3 1 1 122.97711871999996
3 1 2 289.35792639999994
3 1 3 1093.0495669759996
3 1 4 . 
3 2 1 1458.9605667660978
3 2 2 3432.848392390819
3 2 3 12967.584802256317
3 2 4 . 
4 1 1 122.97711871999996
4 1 2 289.35792639999994
4 1 3 1093.0495669759996
4 1 4 . 
4 2 1 1458.9605667660978
4 2 2 3432.848392390819
4 2 3 12967.584802256317
4 2 4 . 
5 1 1 122.97711871999996
5 1 2 289.35792639999994
5 1 3 1093.0495669759996
5 1 4 . 
5 2 1 1458.9605667660978
5 2 2 3432.848392390819
5 2 3 12967.584802256317
5 2 4 . ;

# 23 stopping costs
param C_stop_2 :=
1 1 22.0
1 2 29.0
1 3 26.0
1 4 26.0
1 5 24.0
1 6 25.0
2 1 33.0
2 2 43.5
2 3 39.0
2 4 39.0
2 5 36.0
2 6 37.5
3 1 44.0
3 2 58.0
3 3 52.0
3 4 52.0
3 5 48.0
3 6 50.0
4 1 44.0
4 2 58.0
4 3 52.0
4 4 52.0
4 5 48.0
4 6 50.0
5 1 44.0
5 2 58.0
5 3 52.0
5 4 52.0
5 5 48.0
5 6 50.0 ;

# 24 cost of no transport
param C_2 :=
1 63394.05303775756
2 62272.49299266769
3 61222.098884450825
4 82141.65008454934
5 82695.3055916253
6 74850.47737834936
7 69090.31756044367
8 61299.04878204499
9 138162.51829585235 ;

# 25 timewindow amounts at location
param pi_2 :=
1 4
2 3
3 4
4 4
5 3
6 4 ;

# 26 timewindow lower bounds
param T_l_2 :=
1 1 120.0
1 2 420.0
1 3 1560.0
1 4 1860.0
2 1 120.0
2 2 1560.0
2 3 3000.0
2 4 . 
3 1 0.0
3 2 1440.0
3 3 2880.0
3 4 4320.0
4 1 0.0
4 2 300.0
4 3 1440.0
4 4 1800.0
5 1 60.0
5 2 360.0
5 3 1500.0
5 4 . 
6 1 60.0
6 2 1500.0
6 3 2940.0
6 4 4380.0 ;

# 27 timewindow upper bounds
param T_u_2 :=
1 1 360.0
1 2 720.0
1 3 1800.0
1 4 2160.0
2 1 300.0
2 2 1800.0
2 3 3240.0
2 4 . 
3 1 180.0
3 2 1740.0
3 3 3180.0
3 4 4620.0
4 1 240.0
4 2 540.0
4 3 1680.0
4 4 2040.0
5 1 300.0
5 2 660.0
5 3 1740.0
5 4 . 
6 1 360.0
6 2 1800.0
6 3 3240.0
6 4 4680.0 ;

# 28 Travel time
param T_2 :=
1 1 1 . 
1 1 2 771.8047842914813
1 1 3 231.43733351606966
1 1 4 628.5609838150767
1 1 5 461.81396011891354
1 1 6 477.16718426471664
1 2 1 771.8047842914813
1 2 2 . 
1 2 3 616.0085340634234
1 2 4 251.741527483246
1 2 5 812.6358515074587
1 2 6 823.4212670712535
1 3 1 231.43733351606966
1 3 2 616.0085340634234
1 3 3 . 
1 3 4 401.6641308048486
1 3 5 547.1349266610712
1 3 6 589.5270262373865
1 4 1 628.5609838150767
1 4 2 251.741527483246
1 4 3 401.6641308048486
1 4 4 . 
1 4 5 885.341769917305
1 4 6 693.3430266972666
1 5 1 461.81396011891354
1 5 2 812.6358515074587
1 5 3 547.1349266610712
1 5 4 885.341769917305
1 5 5 . 
1 5 6 2.692582403567252
1 6 1 477.16718426471664
1 6 2 823.4212670712535
1 6 3 589.5270262373865
1 6 4 693.3430266972666
1 6 5 2.692582403567252
1 6 6 . 
2 1 1 . 
2 1 2 791.0999038987683
2 1 3 237.22326685397138
2 1 4 644.2750084104536
2 1 5 473.3593091218863
2 1 6 489.0963638713345
2 2 1 791.0999038987683
2 2 2 . 
2 2 3 631.408747415009
2 2 4 258.0350656703271
2 2 5 832.9517477951451
2 2 6 844.0067987480347
2 3 1 237.22326685397138
2 3 2 631.408747415009
2 3 3 . 
2 3 4 411.70573407496977
2 3 5 560.8132998275979
2 3 6 604.2652018933211
2 4 1 644.2750084104536
2 4 2 258.0350656703271
2 4 3 411.70573407496977
2 4 4 . 
2 4 5 907.4753141652375
2 4 6 710.6766023646983
2 5 1 473.3593091218863
2 5 2 832.9517477951451
2 5 3 560.8132998275979
2 5 4 907.4753141652375
2 5 5 . 
2 5 6 2.7598969636564328
2 6 1 489.0963638713345
2 6 2 844.0067987480347
2 6 3 604.2652018933211
2 6 4 710.6766023646983
2 6 5 2.7598969636564328
2 6 6 . 
3 1 1 . 
3 1 2 791.0999038987683
3 1 3 237.22326685397138
3 1 4 644.2750084104536
3 1 5 473.3593091218863
3 1 6 489.0963638713345
3 2 1 791.0999038987683
3 2 2 . 
3 2 3 631.408747415009
3 2 4 258.0350656703271
3 2 5 832.9517477951451
3 2 6 844.0067987480347
3 3 1 237.22326685397138
3 3 2 631.408747415009
3 3 3 . 
3 3 4 411.70573407496977
3 3 5 560.8132998275979
3 3 6 604.2652018933211
3 4 1 644.2750084104536
3 4 2 258.0350656703271
3 4 3 411.70573407496977
3 4 4 . 
3 4 5 907.4753141652375
3 4 6 710.6766023646983
3 5 1 473.3593091218863
3 5 2 832.9517477951451
3 5 3 560.8132998275979
3 5 4 907.4753141652375
3 5 5 . 
3 5 6 2.7598969636564328
3 6 1 489.0963638713345
3 6 2 844.0067987480347
3 6 3 604.2652018933211
3 6 4 710.6766023646983
3 6 5 2.7598969636564328
3 6 6 . 
4 1 1 . 
4 1 2 810.3950235060554
4 1 3 243.00920019187316
4 1 4 659.9890330058306
4 1 5 484.9046581248592
4 1 6 501.0255434779525
4 2 1 810.3950235060554
4 2 2 . 
4 2 3 646.8089607665946
4 2 4 264.3286038574083
4 2 5 853.2676440828317
4 2 6 864.5923304248162
4 3 1 243.00920019187316
4 3 2 646.8089607665946
4 3 3 . 
4 3 4 421.747337345091
4 3 5 574.4916729941248
4 3 6 619.0033775492559
4 4 1 659.9890330058306
4 4 2 264.3286038574083
4 4 3 421.747337345091
4 4 4 . 
4 4 5 929.6088584131703
4 4 6 728.0101780321299
4 5 1 484.9046581248592
4 5 2 853.2676440828317
4 5 3 574.4916729941248
4 5 4 929.6088584131703
4 5 5 . 
4 5 6 2.8272115237456146
4 6 1 501.0255434779525
4 6 2 864.5923304248162
4 6 3 619.0033775492559
4 6 4 728.0101780321299
4 6 5 2.8272115237456146
4 6 6 . 
5 1 1 . 
5 1 2 810.3950235060554
5 1 3 243.00920019187316
5 1 4 659.9890330058306
5 1 5 484.9046581248592
5 1 6 501.0255434779525
5 2 1 810.3950235060554
5 2 2 . 
5 2 3 646.8089607665946
5 2 4 264.3286038574083
5 2 5 853.2676440828317
5 2 6 864.5923304248162
5 3 1 243.00920019187316
5 3 2 646.8089607665946
5 3 3 . 
5 3 4 421.747337345091
5 3 5 574.4916729941248
5 3 6 619.0033775492559
5 4 1 659.9890330058306
5 4 2 264.3286038574083
5 4 3 421.747337345091
5 4 4 . 
5 4 5 929.6088584131703
5 4 6 728.0101780321299
5 5 1 484.9046581248592
5 5 2 853.2676440828317
5 5 3 574.4916729941248
5 5 4 929.6088584131703
5 5 5 . 
5 5 6 2.8272115237456146
5 6 1 501.0255434779525
5 6 2 864.5923304248162
5 6 3 619.0033775492559
5 6 4 728.0101780321299
5 6 5 2.8272115237456146
5 6 6 . ;

# 29 Travel distance
param D_2 :=
1 1 . 
1 2 1381.6095685829625
1 3 398.8746670321393
1 4 1033.1219676301534
1 5 917.6279202378271
1 6 912.3343685294334
2 1 1381.6095685829625
2 2 . 
2 3 996.0170681268469
2 4 479.48305496649203
2 5 1323.2717030149174
2 6 1320.842534142507
3 1 398.8746670321393
3 2 996.0170681268469
3 3 . 
3 4 635.3282616096973
3 5 930.2698533221422
3 6 925.0540524747729
4 1 1033.1219676301534
4 2 479.48305496649203
4 3 635.3282616096973
4 4 . 
4 5 1290.6835398346102
4 6 1286.6860533945335
5 1 917.6279202378271
5 2 1323.2717030149174
5 3 930.2698533221422
5 4 1290.6835398346102
5 5 . 
5 6 5.385164807134504
6 1 912.3343685294334
6 2 1320.842534142507
6 3 925.0540524747729
6 4 1286.6860533945335
6 5 5.385164807134504
6 6 . ;

