# 1 amount of Vehicles
param nv :=
3 ;

# 2 amount of Orders
param no :=
4 ;

# 3 amount of locations
param nl :=
7 ;

# 4 amount of factories
param nf :=
3 ;

# 5 factory sets
set N_f_2[1] :=  4 ;
set N_f_2[2] :=  5 7 ;
set N_f_2[3] :=  6 ;

# 6 factory stop capacities
param H :=
1 1
2 1
3 1 ;

# 7 pickup locations for each order
param L_pd :=
1 2
2 3
3 1
4 3 ;

# 8 delivery locations for each order
param L_dd :=
1 5
2 6
3 4
4 7 ;

# 9 location sets
set L_2[1] :=  3 ;
set L_2[2] :=  1 ;
set L_2[3] :=  2 4 ;
set L_2[4] :=  3 ;
set L_2[5] :=  1 ;
set L_2[6] :=  2 ;
set L_2[7] :=  4 ;

# 10 order weights
param Q_kg_2 :=
1 1906.9002317859229
2 847.7564340609333
3 479.80781472394534
4 15754.135604520778 ;

# 11 order volumes
param Q_vol_2 :=
1 18.84608995097766
2 3.1842890593166984
3 1.6542660990602722
4 48.47648515460591 ;

# 12 Locations vehicle can visit
set N_v_2[1] := 1 2 3 4 5 6 7 ;
set N_v_2[2] := 1 2 3 4 5 6 7 ;
set N_v_2[3] := 1 2 3 4 5 6 7 ;

# 13 Orders vehicles can pick up
set N_vp_2[1] := 1 2 3 ;
set N_vp_2[2] := 1 2 3 4 ;
set N_vp_2[3] := 1 2 3 4 ;

# 14 vehicle weight capacity
param K_kg :=
1 12000.0
2 18000.0
3 24000.0 ;

# 15 vehicle volume capacity
param K_vol :=
1 55.0
2 71.0
3 102.0 ;

# 16 amount of distance intervals
param na :=
1 2
2 2
3 2 ;

# 17 amount of weight intervals
param nb :=
1 3
2 2
3 2 ;

# 18 Distance intervals
param B_2 :=
1 1 1500.0
1 2 9999999.0
2 1 1500.0
2 2 9999999.0
3 1 1500.0
3 2 9999999.0 ;

# 19 Weight intervals
param Z_2 :=
1 1 700.0
1 2 3000.0
1 3 24000.0
2 1 1500.0
2 2 24000.0
2 3 . 
3 1 1500.0
3 2 24000.0
3 3 . ;

# 20 cost per kilometer
param C_km :=
1 1 1 0.08247985839843748
1 1 2 0.15701783512579273
1 1 3 0.3723393221028571
1 2 1 0.05498657226562501
1 2 2 0.10467855675052853
1 2 3 0.2482262147352381
2 1 1 0.13503576880693438
2 1 2 0.43439587578666683
2 1 3 . 
2 2 1 0.08487962610721587
2 2 2 0.2730488362087619
2 2 3 . 
3 1 1 0.1543265929222107
3 1 2 0.4964524294704762
3 1 3 . 
3 2 1 0.09645412057638168
3 2 2 0.3102827684190475
3 2 3 . ;

# 21 cost per kilo
param C_kg :=
1 1 1 0.0070495605468750035
1 1 2 0.0030595174524933127
1 1 3 8.114541859150757E-4
1 2 1 0.0028198242187500006
1 2 2 0.0012238069809973242
1 2 3 3.245816743660299E-4
2 1 1 0.004564315080642704
2 1 2 8.114541859150757E-4
2 1 3 . 
2 2 1 0.0018257260322570804
2 2 2 3.245816743660299E-4
2 2 3 . 
3 1 1 0.004564315080642704
3 1 2 8.114541859150757E-4
3 1 3 . 
3 2 1 0.0018257260322570804
3 2 2 3.245816743660299E-4
3 2 3 . ;

# 22 fixed costs
param C_fix :=
1 1 1 86.0625
1 1 2 202.5
1 1 3 764.94375
1 2 1 653.537109375
1 2 2 1537.734375
1 2 3 5808.7916015625
2 1 1 159.90504192000003
2 1 2 894.8759938560002
2 1 3 . 
2 2 1 1477.3559627052468
2 2 2 8267.721702398621
2 2 3 . 
3 1 1 195.31660031999994
3 1 2 1093.0495669759996
3 1 3 . 
3 2 1 2317.1726648638028
3 2 2 12967.584802256317
3 2 3 . ;

# 23 stopping costs
param C_stop_2 :=
1 1 22.0
1 2 29.0
1 3 25.0
1 4 24.0
1 5 28.0
1 6 24.0
1 7 26.0
2 1 33.0
2 2 43.5
2 3 37.5
2 4 36.0
2 5 42.0
2 6 36.0
2 7 39.0
3 1 44.0
3 2 58.0
3 3 50.0
3 4 48.0
3 5 56.0
3 6 48.0
3 7 52.0 ;

# 24 cost of no transport
param C_2 :=
1 62788.86903844791
2 35923.12081702156
3 35071.694569845
4 226170.81178522145 ;

# 25 timewindow amounts at location
param pi_2 :=
1 3
2 4
3 4
4 3
5 3
6 3
7 3 ;

# 26 timewindow lower bounds
param T_l_2 :=
1 1 0.0
1 2 300.0
1 3 1440.0
1 4 . 
2 1 0.0
2 2 360.0
2 3 1440.0
2 4 1860.0
3 1 120.0
3 2 1560.0
3 3 3000.0
3 4 4440.0
4 1 120.0
4 2 480.0
4 3 1560.0
4 4 . 
5 1 0.0
5 2 360.0
5 3 1440.0
5 4 . 
6 1 60.0
6 2 1500.0
6 3 2940.0
6 4 . 
7 1 0.0
7 2 300.0
7 3 1440.0
7 4 . ;

# 27 timewindow upper bounds
param T_u_2 :=
1 1 240.0
1 2 600.0
1 3 1680.0
1 4 . 
2 1 300.0
2 2 660.0
2 3 1740.0
2 4 2160.0
3 1 360.0
3 2 1740.0
3 3 3180.0
3 4 4620.0
4 1 360.0
4 2 660.0
4 3 1800.0
4 4 . 
5 1 300.0
5 2 540.0
5 3 1740.0
5 4 . 
6 1 240.0
6 2 1680.0
6 3 3120.0
6 4 . 
7 1 240.0
7 2 600.0
7 3 1680.0
7 4 . ;

# 28 Travel time
param T_2 :=
1 1 1 . 
1 1 2 210.0956988662247
1 1 3 189.30874888399532
1 1 4 186.65583872575453
1 1 5 200.71763604932215
1 1 6 105.92568149414947
1 1 7 168.13929255940167
1 2 1 210.0956988662247
1 2 2 . 
1 2 3 82.52575355608697
1 2 4 289.00048638086264
1 2 5 87.22961282685029
1 2 6 182.4276364964225
1 2 7 94.02468759581859
1 3 1 189.30874888399532
1 3 2 82.52575355608697
1 3 3 . 
1 3 4 251.94732798390538
1 3 5 2.06155281280883
1 3 6 76.02112361825881
1 3 7 2.549509756796392
1 4 1 186.65583872575453
1 4 2 289.00048638086264
1 4 3 251.94732798390538
1 4 4 . 
1 4 5 249.0087937755515
1 4 6 168.1675473329017
1 4 7 206.49498740569896
1 5 1 200.71763604932215
1 5 2 87.22961282685029
1 5 3 2.06155281280883
1 5 4 249.0087937755515
1 5 5 . 
1 5 6 86.07701416998371
1 5 7 0.5
1 6 1 105.92568149414947
1 6 2 182.4276364964225
1 6 3 76.02112361825881
1 6 4 168.1675473329017
1 6 5 86.07701416998371
1 6 6 . 
1 6 7 76.56969484781081
1 7 1 168.13929255940167
1 7 2 94.02468759581859
1 7 3 2.549509756796392
1 7 4 206.49498740569896
1 7 5 0.5
1 7 6 76.56969484781081
1 7 7 . 
2 1 1 . 
2 1 2 215.3480913378803
2 1 3 194.04146760609518
2 1 4 191.3222346938984
2 1 5 205.73557695055518
2 1 6 108.5738235315032
2 1 7 172.3427748733867
2 2 1 215.3480913378803
2 2 2 . 
2 2 3 84.58889739498913
2 2 4 296.2254985403842
2 2 5 89.41035314752153
2 2 6 186.98832740883304
2 2 7 96.37530478571405
2 3 1 194.04146760609518
2 3 2 84.58889739498913
2 3 3 . 
2 3 4 258.246011183503
2 3 5 2.1130916331290504
2 3 6 77.92165170871527
2 3 7 2.613247500716301
2 4 1 191.3222346938984
2 4 2 296.2254985403842
2 4 3 258.246011183503
2 4 4 . 
2 4 5 255.23401361994027
2 4 6 172.37173601622422
2 4 7 211.65736209084142
2 5 1 205.73557695055518
2 5 2 89.41035314752153
2 5 3 2.1130916331290504
2 5 4 255.23401361994027
2 5 5 . 
2 5 6 88.2289395242333
2 5 7 0.5125
2 6 1 108.5738235315032
2 6 2 186.98832740883304
2 6 3 77.92165170871527
2 6 4 172.37173601622422
2 6 5 88.2289395242333
2 6 6 . 
2 6 7 78.48393721900607
2 7 1 172.3427748733867
2 7 2 96.37530478571405
2 7 3 2.613247500716301
2 7 4 211.65736209084142
2 7 5 0.5125
2 7 6 78.48393721900607
2 7 7 . 
3 1 1 . 
3 1 2 220.60048380953594
3 1 3 198.7741863281951
3 1 4 195.98863066204228
3 1 5 210.75351785178827
3 1 6 111.22196556885694
3 1 7 176.54625718737176
3 2 1 220.60048380953594
3 2 2 . 
3 2 3 86.65204123389132
3 2 4 303.4505106999058
3 2 5 91.59109346819281
3 2 6 191.54901832124364
3 2 7 98.72592197560952
3 3 1 198.7741863281951
3 3 2 86.65204123389132
3 3 3 . 
3 3 4 264.54469438310065
3 3 5 2.1646304534492713
3 3 6 79.82217979917175
3 3 7 2.6769852446362115
3 4 1 195.98863066204228
3 4 2 303.4505106999058
3 4 3 264.54469438310065
3 4 4 . 
3 4 5 261.4592334643291
3 4 6 176.5759246995468
3 4 7 216.81973677598393
3 5 1 210.75351785178827
3 5 2 91.59109346819281
3 5 3 2.1646304534492713
3 5 4 261.4592334643291
3 5 5 . 
3 5 6 90.3808648784829
3 5 7 0.525
3 6 1 111.22196556885694
3 6 2 191.54901832124364
3 6 3 79.82217979917175
3 6 4 176.5759246995468
3 6 5 90.3808648784829
3 6 6 . 
3 6 7 80.39817959020135
3 7 1 176.54625718737176
3 7 2 98.72592197560952
3 7 3 2.6769852446362115
3 7 4 216.81973677598393
3 7 5 0.525
3 7 6 80.39817959020135
3 7 7 . ;

# 29 Travel distance
param D_2 :=
1 1 . 
1 2 316.1913977324494
1 3 292.61749776799064
1 4 287.31167745150907
1 5 295.4352720986443
1 6 211.85136298829894
1 7 296.27858511880333
2 1 316.1913977324494
2 2 . 
2 3 165.05150711217394
2 4 514.0009727617254
2 5 162.45922565370057
2 6 272.8552729928451
2 7 162.04937519163718
3 1 292.61749776799064
3 2 165.05150711217394
3 3 . 
3 4 393.89465596781076
3 5 4.123105625617661
3 6 142.04224723651762
3 7 5.0990195135927845
4 1 287.31167745150907
4 2 514.0009727617254
4 3 393.89465596781076
4 4 . 
4 5 398.0175875511031
4 6 252.33509466580347
4 7 398.989974811398
5 1 295.4352720986443
5 2 162.45922565370057
5 3 4.123105625617661
5 4 398.0175875511031
5 5 . 
5 6 146.15402833996743
5 7 1.0
6 1 211.85136298829894
6 2 272.8552729928451
6 3 142.04224723651762
6 4 252.33509466580347
6 5 146.15402833996743
6 6 . 
6 7 147.13938969562162
7 1 296.27858511880333
7 2 162.04937519163718
7 3 5.0990195135927845
7 4 398.989974811398
7 5 1.0
7 6 147.13938969562162
7 7 . ;

