# 1 amount of Vehicles
param nv :=
3 ;

# 2 amount of Orders
param no :=
4 ;

# 3 amount of locations
param nl :=
7 ;

# 4 amount of factories
param nf :=
3 ;

# 5 factory sets
set N_f_2[1] :=  4 7 ;
set N_f_2[2] :=  5 ;
set N_f_2[3] :=  6 ;

# 6 factory stop capacities
param H :=
1 1
2 1
3 1 ;

# 7 pickup locations for each order
param L_pd :=
1 2
2 1
3 3
4 3 ;

# 8 delivery locations for each order
param L_dd :=
1 4
2 5
3 7
4 6 ;

# 9 location sets
set L_2[1] :=  2 ;
set L_2[2] :=  1 ;
set L_2[3] :=  3 4 ;
set L_2[4] :=  1 ;
set L_2[5] :=  2 ;
set L_2[6] :=  4 ;
set L_2[7] :=  3 ;

# 10 order weights
param Q_kg_2 :=
1 151.9781639931278
2 1683.8134855910534
3 1823.142197670292
4 20750.9731231598 ;

# 11 order volumes
param Q_vol_2 :=
1 0.637920946053419
2 25.570980647568735
3 31.270976875699876
4 78.57443744865877 ;

# 12 Locations vehicle can visit
set N_v_2[1] := 1 3 5 6 7 ;
set N_v_2[2] := 1 3 5 6 7 ;
set N_v_2[3] := 1 2 3 4 5 6 7 ;

# 13 Orders vehicles can pick up
set N_vp_2[1] := 2 3 ;
set N_vp_2[2] := 2 3 ;
set N_vp_2[3] := 1 2 3 4 ;

# 14 vehicle weight capacity
param K_kg :=
1 12000.0
2 18000.0
3 24000.0 ;

# 15 vehicle volume capacity
param K_vol :=
1 55.0
2 71.0
3 102.0 ;

# 16 amount of distance intervals
param na :=
1 2
2 2
3 2 ;

# 17 amount of weight intervals
param nb :=
1 3
2 2
3 3 ;

# 18 Distance intervals
param B_2 :=
1 1 1500.0
1 2 9999999.0
2 1 1500.0
2 2 9999999.0
3 1 1500.0
3 2 9999999.0 ;

# 19 Weight intervals
param Z_2 :=
1 1 700.0
1 2 3000.0
1 3 24000.0
2 1 1500.0
2 2 24000.0
2 3 . 
3 1 700.0
3 2 3000.0
3 3 24000.0 ;

# 20 cost per kilometer
param C_km :=
1 1 1 0.08247985839843748
1 1 2 0.15701783512579273
1 1 3 0.3723393221028571
1 2 1 0.05498657226562501
1 2 2 0.10467855675052853
1 2 3 0.2482262147352381
2 1 1 0.13503576880693438
2 1 2 0.43439587578666683
2 1 3 . 
2 2 1 0.08487962610721587
2 2 2 0.2730488362087619
2 2 3 . 
3 1 1 0.10997314453125002
3 1 2 0.20935711350105707
3 1 3 0.4964524294704762
3 2 1 0.06873321533203125
3 2 2 0.13084819593816063
3 2 3 0.3102827684190475 ;

# 21 cost per kilo
param C_kg :=
1 1 1 0.0070495605468750035
1 1 2 0.0030595174524933127
1 1 3 8.114541859150757E-4
1 2 1 0.0028198242187500006
1 2 2 0.0012238069809973242
1 2 3 3.245816743660299E-4
2 1 1 0.004564315080642704
2 1 2 8.114541859150757E-4
2 1 3 . 
2 2 1 0.0018257260322570804
2 2 2 3.245816743660299E-4
2 2 3 . 
3 1 1 0.0070495605468750035
3 1 2 0.0030595174524933127
3 1 3 8.114541859150757E-4
3 2 1 0.0028198242187500006
3 2 2 0.0012238069809973242
3 2 3 3.245816743660299E-4 ;

# 22 fixed costs
param C_fix :=
1 1 1 86.0625
1 1 2 202.5
1 1 3 764.94375
1 2 1 653.537109375
1 2 2 1537.734375
1 2 3 5808.7916015625
2 1 1 159.90504192000003
2 1 2 894.8759938560002
2 1 3 . 
2 2 1 1477.3559627052468
2 2 2 8267.721702398621
2 2 3 . 
3 1 1 122.97711871999996
3 1 2 289.35792639999994
3 1 3 1093.0495669759996
3 2 1 1458.9605667660978
3 2 2 3432.848392390819
3 2 3 12967.584802256317 ;

# 23 stopping costs
param C_stop_2 :=
1 1 20.0
1 2 25.0
1 3 23.0
1 4 26.0
1 5 23.0
1 6 24.0
1 7 30.0
2 1 30.0
2 2 37.5
2 3 34.5
2 4 39.0
2 5 34.5
2 6 36.0
2 7 45.0
3 1 40.0
3 2 50.0
3 3 46.0
3 4 52.0
3 5 46.0
3 6 48.0
3 7 60.0 ;

# 24 cost of no transport
param C_2 :=
1 52065.53600801646
2 74854.77739829227
3 96232.31467718608
4 332675.9155202069 ;

# 25 timewindow amounts at location
param pi_2 :=
1 3
2 3
3 3
4 3
5 4
6 3
7 4 ;

# 26 timewindow lower bounds
param T_l_2 :=
1 1 0.0
1 2 1440.0
1 3 2880.0
1 4 . 
2 1 120.0
2 2 360.0
2 3 1560.0
2 4 . 
3 1 0.0
3 2 1440.0
3 3 2880.0
3 4 . 
4 1 120.0
4 2 1560.0
4 3 3000.0
4 4 . 
5 1 120.0
5 2 360.0
5 3 1560.0
5 4 1800.0
6 1 120.0
6 2 1560.0
6 3 3000.0
6 4 . 
7 1 120.0
7 2 420.0
7 3 1560.0
7 4 1800.0 ;

# 27 timewindow upper bounds
param T_u_2 :=
1 1 300.0
1 2 1620.0
1 3 3060.0
1 4 . 
2 1 300.0
2 2 600.0
2 3 1740.0
2 4 . 
3 1 180.0
3 2 1740.0
3 3 3180.0
3 4 . 
4 1 360.0
4 2 1800.0
4 3 3240.0
4 4 . 
5 1 300.0
5 2 660.0
5 3 1740.0
5 4 2100.0
6 1 360.0
6 2 1800.0
6 3 3240.0
6 4 . 
7 1 300.0
7 2 720.0
7 3 1740.0
7 4 2100.0 ;

# 28 Travel time
param T_2 :=
1 1 1 . 
1 1 2 . 
1 1 3 214.2310597364034
1 1 4 . 
1 1 5 283.4276982468831
1 1 6 314.08490040489716
1 1 7 291.35172863382456
1 2 1 . 
1 2 2 . 
1 2 3 . 
1 2 4 . 
1 2 5 . 
1 2 6 . 
1 2 7 . 
1 3 1 214.2310597364034
1 3 2 . 
1 3 3 . 
1 3 4 . 
1 3 5 1.5811388300841895
1 3 6 616.1957806658362
1 3 7 462.49859707972143
1 4 1 . 
1 4 2 . 
1 4 3 . 
1 4 4 . 
1 4 5 . 
1 4 6 . 
1 4 7 . 
1 5 1 283.4276982468831
1 5 2 . 
1 5 3 1.5811388300841895
1 5 4 . 
1 5 5 . 
1 5 6 595.4164713419159
1 5 7 499.71523367801103
1 6 1 314.08490040489716
1 6 2 . 
1 6 3 616.1957806658362
1 6 4 . 
1 6 5 595.4164713419159
1 6 6 . 
1 6 7 2.9154759474226504
1 7 1 291.35172863382456
1 7 2 . 
1 7 3 462.49859707972143
1 7 4 . 
1 7 5 499.71523367801103
1 7 6 2.9154759474226504
1 7 7 . 
2 1 1 . 
2 1 2 . 
2 1 3 219.58683622981349
2 1 4 . 
2 1 5 290.51339070305517
2 1 6 321.93702291501955
2 1 7 298.63552184967017
2 2 1 . 
2 2 2 . 
2 2 3 . 
2 2 4 . 
2 2 5 . 
2 2 6 . 
2 2 7 . 
2 3 1 219.58683622981349
2 3 2 . 
2 3 3 . 
2 3 4 . 
2 3 5 1.6206673008362942
2 3 6 631.6006751824821
2 3 7 474.06106200671445
2 4 1 . 
2 4 2 . 
2 4 3 . 
2 4 4 . 
2 4 5 . 
2 4 6 . 
2 4 7 . 
2 5 1 290.51339070305517
2 5 2 . 
2 5 3 1.6206673008362942
2 5 4 . 
2 5 5 . 
2 5 6 610.3018831254637
2 5 7 512.2081145199612
2 6 1 321.93702291501955
2 6 2 . 
2 6 3 631.6006751824821
2 6 4 . 
2 6 5 610.3018831254637
2 6 6 . 
2 6 7 2.9883628461082163
2 7 1 298.63552184967017
2 7 2 . 
2 7 3 474.06106200671445
2 7 4 . 
2 7 5 512.2081145199612
2 7 6 2.9883628461082163
2 7 7 . 
3 1 1 . 
3 1 2 382.84692652256933
3 1 3 224.9426127232236
3 1 4 311.18407984728066
3 1 5 297.5990831592273
3 1 6 329.789145425142
3 1 7 305.91931506551583
3 2 1 382.84692652256933
3 2 2 . 
3 2 3 319.84686528726945
3 2 4 685.0870848855559
3 2 5 357.71235612418184
3 2 6 684.6594156316783
3 2 7 703.4383088754334
3 3 1 224.9426127232236
3 3 2 319.84686528726945
3 3 3 . 
3 3 4 546.5134841098981
3 3 5 1.660195771588399
3 3 6 647.005569699128
3 3 7 485.6235269337075
3 4 1 311.18407984728066
3 4 2 685.0870848855559
3 4 3 546.5134841098981
3 4 4 . 
3 4 5 503.6938461133864
3 4 6 1.4849242404917498
3 4 7 1.660195771588399
3 5 1 297.5990831592273
3 5 2 357.71235612418184
3 5 3 1.660195771588399
3 5 4 503.6938461133864
3 5 5 . 
3 5 6 625.1872949090117
3 5 7 524.7009953619116
3 6 1 329.789145425142
3 6 2 684.6594156316783
3 6 3 647.005569699128
3 6 4 1.4849242404917498
3 6 5 625.1872949090117
3 6 6 . 
3 6 7 3.061249744793783
3 7 1 305.91931506551583
3 7 2 703.4383088754334
3 7 3 485.6235269337075
3 7 4 1.660195771588399
3 7 5 524.7009953619116
3 7 6 3.061249744793783
3 7 7 . ;

# 29 Travel distance
param D_2 :=
1 1 . 
1 2 635.2322409953701
1 3 412.4621194728069
1 4 476.7315806614871
1 5 414.85539649376625
1 6 474.1698008097943
1 7 478.7034572676491
2 1 635.2322409953701
2 2 . 
2 3 491.2321243567037
2 4 996.9277807343921
2 5 493.35686880796544
2 6 994.1131726317683
2 7 999.8824930960637
3 1 412.4621194728069
3 2 491.2321243567037
3 3 . 
3 4 888.9780649712343
3 5 3.1622776601683795
3 6 886.3915613316724
3 7 890.9971941594429
4 1 476.7315806614871
4 2 996.9277807343921
4 3 888.9780649712343
4 4 . 
4 5 891.4168497397836
4 6 2.8284271247461903
4 7 3.1622776601683795
5 1 414.85539649376625
5 2 493.35686880796544
5 3 3.1622776601683795
5 4 891.4168497397836
5 5 . 
5 6 888.8329426838319
5 7 893.4304673560221
6 1 474.1698008097943
6 2 994.1131726317683
6 3 886.3915613316724
6 4 2.8284271247461903
6 5 888.8329426838319
6 6 . 
6 7 5.830951894845301
7 1 478.7034572676491
7 2 999.8824930960637
7 3 890.9971941594429
7 4 3.1622776601683795
7 5 893.4304673560221
7 6 5.830951894845301
7 7 . ;

