# 1 amount of Vehicles
param nv :=
3 ;

# 2 amount of Orders
param no :=
4 ;

# 3 amount of locations
param nl :=
7 ;

# 4 amount of factories
param nf :=
3 ;

# 5 factory sets
set N_f_2[1] :=  4 ;
set N_f_2[2] :=  5 ;
set N_f_2[3] :=  6 7 ;

# 6 factory stop capacities
param H :=
1 1
2 1
3 1 ;

# 7 pickup locations for each order
param L_pd :=
1 3
2 1
3 2
4 3 ;

# 8 delivery locations for each order
param L_dd :=
1 4
2 5
3 7
4 6 ;

# 9 location sets
set L_2[1] :=  2 ;
set L_2[2] :=  3 ;
set L_2[3] :=  1 4 ;
set L_2[4] :=  1 ;
set L_2[5] :=  2 ;
set L_2[6] :=  4 ;
set L_2[7] :=  3 ;

# 10 order weights
param Q_kg_2 :=
1 1510.2790552191736
2 1273.2718272476184
3 1257.7870406546026
4 18458.22985953643 ;

# 11 order volumes
param Q_vol_2 :=
1 29.440388599277313
2 23.991683612792556
3 4.557064623396164
4 71.10837560940706 ;

# 12 Locations vehicle can visit
set N_v_2[1] := 2 3 4 6 7 ;
set N_v_2[2] := 2 3 4 6 7 ;
set N_v_2[3] := 1 2 3 4 5 6 7 ;

# 13 Orders vehicles can pick up
set N_vp[1] := 1 3 ;
set N_vp[2] := 1 3 ;
set N_vp[3] := 1 2 3 4 ;

# 14 vehicle weight capacity
param K_kg :=
1 12000.0
2 18000.0
3 24000.0 ;

# 15 vehicle volume capacity
param K_vol :=
1 55.0
2 71.0
3 102.0 ;

# 16 amount of distance intervals
param na :=
1 2
2 2
3 2 ;

# 17 amount of weight intervals
param nb :=
1 2
2 3
3 3 ;

# 18 Distance intervals
param B_2 :=
1 1 1500.0
1 2 9999999.0
2 1 1500.0
2 2 9999999.0
3 1 1500.0
3 2 9999999.0 ;

# 19 Weight intervals
param Z_2 :=
1 1 1500.0
1 2 24000.0
1 3 . 
2 1 700.0
2 2 3000.0
2 3 24000.0
3 1 700.0
3 2 3000.0
3 3 24000.0 ;

# 20 cost per kilometer
param C_km :=
1 1 1 0.11574494469165798
1 1 2 0.3723393221028571
1 1 3 . 
1 2 1 0.07716329646110535
1 2 2 0.2482262147352381
1 2 3 . 
2 1 1 0.09622650146484377
2 1 2 0.18318747431342491
2 1 3 0.43439587578666683
2 2 1 0.060485229492187494
2 2 2 0.11514641242558135
2 2 3 0.2730488362087619
3 1 1 0.10997314453125002
3 1 2 0.20935711350105707
3 1 3 0.4964524294704762
3 2 1 0.06873321533203125
3 2 2 0.13084819593816063
3 2 3 0.3102827684190475 ;

# 21 cost per kilo
param C_kg :=
1 1 1 0.004564315080642704
1 1 2 8.114541859150757E-4
1 1 3 . 
1 2 1 0.0018257260322570804
1 2 2 3.245816743660299E-4
1 2 3 . 
2 1 1 0.0070495605468750035
2 1 2 0.0030595174524933127
2 1 3 8.114541859150757E-4
2 2 1 0.0028198242187500006
2 2 2 0.0012238069809973242
2 2 3 3.245816743660299E-4
3 1 1 0.0070495605468750035
3 1 2 0.0030595174524933127
3 1 3 8.114541859150757E-4
3 2 1 0.0028198242187500006
3 2 2 0.0012238069809973242
3 2 3 3.245816743660299E-4 ;

# 22 fixed costs
param C_fix :=
1 1 1 136.6875
1 1 2 764.94375
1 1 3 . 
1 2 1 1037.970703125
1 2 2 5808.7916015625
1 2 3 . 
2 1 1 100.68095232000002
2 1 2 236.89635840000005
2 1 3 894.8759938560002
2 2 1 930.1870876292295
2 2 2 2188.6755003040694
2 2 3 8267.721702398621
3 1 1 122.97711871999996
3 1 2 289.35792639999994
3 1 3 1093.0495669759996
3 2 1 1458.9605667660978
3 2 2 3432.848392390819
3 2 3 12967.584802256317 ;

# 23 stopping costs
param C_stop_2 :=
1 1 24.0
1 2 23.0
1 3 24.0
1 4 29.0
1 5 24.0
1 6 29.0
1 7 27.0
2 1 36.0
2 2 34.5
2 3 36.0
2 4 43.5
2 5 36.0
2 6 43.5
2 7 40.5
3 1 48.0
3 2 46.0
3 3 48.0
3 4 58.0
3 5 48.0
3 6 58.0
3 7 54.0 ;

# 24 cost of no transport
param C_2 :=
1 85264.3205292986
2 98021.1862637164
3 64693.196949011035
4 303231.2787732989 ;

# 25 timewindow amounts at location
param pi_2 :=
1 4
2 4
3 3
4 3
5 3
6 4
7 4 ;

# 26 timewindow lower bounds
param T_l_2 :=
1 1 60.0
1 2 1500.0
1 3 2940.0
1 4 4380.0
2 1 120.0
2 2 480.0
2 3 1560.0
2 4 1920.0
3 1 120.0
3 2 480.0
3 3 1560.0
3 4 . 
4 1 0.0
4 2 1440.0
4 3 2880.0
4 4 . 
5 1 0.0
5 2 1440.0
5 3 2880.0
5 4 . 
6 1 60.0
6 2 360.0
6 3 1500.0
6 4 1860.0
7 1 60.0
7 2 360.0
7 3 1500.0
7 4 1800.0 ;

# 27 timewindow upper bounds
param T_u_2 :=
1 1 300.0
1 2 1680.0
1 3 3120.0
1 4 4560.0
2 1 360.0
2 2 660.0
2 3 1800.0
2 4 2100.0
3 1 360.0
3 2 780.0
3 3 1800.0
3 4 . 
4 1 180.0
4 2 1620.0
4 3 3060.0
4 4 . 
5 1 180.0
5 2 1680.0
5 3 3120.0
5 4 . 
6 1 300.0
6 2 600.0
6 3 1740.0
6 4 2100.0
7 1 240.0
7 2 660.0
7 3 1680.0
7 4 2100.0 ;

# 28 Travel time
param T_2 :=
1 1 1 . 
1 1 2 . 
1 1 3 . 
1 1 4 . 
1 1 5 . 
1 1 6 . 
1 1 7 . 
1 2 1 . 
1 2 2 . 
1 2 3 0.5
1 2 4 419.06810921903514
1 2 5 . 
1 2 6 510.10891953870816
1 2 7 552.304365317814
1 3 1 . 
1 3 2 0.5
1 3 3 . 
1 3 4 357.3523562971592
1 3 5 . 
1 3 6 640.0100761421256
1 3 7 488.20719724324874
1 4 1 . 
1 4 2 419.06810921903514
1 4 3 357.3523562971592
1 4 4 . 
1 4 5 . 
1 4 6 342.54939300200806
1 4 7 365.5034039159052
1 5 1 . 
1 5 2 . 
1 5 3 . 
1 5 4 . 
1 5 5 . 
1 5 6 . 
1 5 7 . 
1 6 1 . 
1 6 2 510.10891953870816
1 6 3 640.0100761421256
1 6 4 342.54939300200806
1 6 5 . 
1 6 6 . 
1 6 7 1.5811388300841895
1 7 1 . 
1 7 2 552.304365317814
1 7 3 488.20719724324874
1 7 4 365.5034039159052
1 7 5 . 
1 7 6 1.5811388300841895
1 7 7 . 
2 1 1 . 
2 1 2 . 
2 1 3 . 
2 1 4 . 
2 1 5 . 
2 1 6 . 
2 1 7 . 
2 2 1 . 
2 2 2 . 
2 2 3 0.5125
2 2 4 429.544811949511
2 2 5 . 
2 2 6 522.8616425271758
2 2 7 566.1119744507594
2 3 1 . 
2 3 2 0.5125
2 3 3 . 
2 3 4 366.28616520458814
2 3 5 . 
2 3 6 656.0103280456788
2 3 7 500.4123771743299
2 4 1 . 
2 4 2 429.544811949511
2 4 3 366.28616520458814
2 4 4 . 
2 4 5 . 
2 4 6 351.11312782705824
2 4 7 374.6409890138028
2 5 1 . 
2 5 2 . 
2 5 3 . 
2 5 4 . 
2 5 5 . 
2 5 6 . 
2 5 7 . 
2 6 1 . 
2 6 2 522.8616425271758
2 6 3 656.0103280456788
2 6 4 351.11312782705824
2 6 5 . 
2 6 6 . 
2 6 7 1.6206673008362942
2 7 1 . 
2 7 2 566.1119744507594
2 7 3 500.4123771743299
2 7 4 374.6409890138028
2 7 5 . 
2 7 6 1.6206673008362942
2 7 7 . 
3 1 1 . 
3 1 2 494.4777784196749
3 1 3 493.32487258826126
3 1 4 450.642446557464
3 1 5 925.3437266228343
3 1 6 1.4849242404917498
3 1 7 1.660195771588399
3 2 1 494.4777784196749
3 2 2 . 
3 2 3 0.525
3 2 4 440.0215146799869
3 2 5 584.5369302367319
3 2 6 535.6143655156436
3 2 7 579.9195835837047
3 3 1 493.32487258826126
3 3 2 0.525
3 3 3 . 
3 3 4 375.21997411201716
3 3 5 525.2110341670494
3 3 6 672.0105799492319
3 3 7 512.6175571054112
3 4 1 450.642446557464
3 4 2 440.0215146799869
3 4 3 375.21997411201716
3 4 4 . 
3 4 5 515.5989969514904
3 4 6 359.67686265210847
3 4 7 383.7785741117005
3 5 1 925.3437266228343
3 5 2 584.5369302367319
3 5 3 525.2110341670494
3 5 4 515.5989969514904
3 5 5 . 
3 5 6 908.9780806541994
3 5 7 750.6962788472167
3 6 1 1.4849242404917498
3 6 2 535.6143655156436
3 6 3 672.0105799492319
3 6 4 359.67686265210847
3 6 5 908.9780806541994
3 6 6 . 
3 6 7 1.660195771588399
3 7 1 1.660195771588399
3 7 2 579.9195835837047
3 7 3 512.6175571054112
3 7 4 383.7785741117005
3 7 5 750.6962788472167
3 7 6 1.660195771588399
3 7 7 . ;

# 29 Travel distance
param D_2 :=
1 1 . 
1 2 915.8624350850951
1 3 915.6664239776404
1 4 660.36656487136
1 5 1376.5594792815891
1 6 2.8284271247461903
1 7 3.1622776601683795
2 1 915.8624350850951
2 2 . 
2 3 1.0
2 4 690.1362184380704
2 5 821.4036766413941
2 6 918.2178390774163
2 7 918.6087306356281
3 1 915.6664239776404
3 2 1.0
3 3 . 
3 4 690.7047125943184
3 5 822.4019698419988
3 6 918.0201522842514
3 7 918.4143944864976
4 1 660.36656487136
4 2 690.1362184380704
4 3 690.7047125943184
4 4 . 
4 5 750.0933275266485
4 6 663.0987860040161
4 7 661.0068078318104
5 1 1376.5594792815891
5 2 821.4036766413941
5 3 822.4019698419988
5 4 750.0933275266485
5 5 . 
5 6 1379.386820293713
5 7 1377.8976739946984
6 1 2.8284271247461903
6 2 918.2178390774163
6 3 918.0201522842514
6 4 663.0987860040161
6 5 1379.386820293713
6 6 . 
6 7 3.1622776601683795
7 1 3.1622776601683795
7 2 918.6087306356281
7 3 918.4143944864976
7 4 661.0068078318104
7 5 1377.8976739946984
7 6 3.1622776601683795
7 7 . ;

