# 1 amount of Vehicles
param nv :=
3 ;

# 2 amount of Orders
param no :=
4 ;

# 3 amount of locations
param nl :=
7 ;

# 4 amount of factories
param nf :=
3 ;

# 5 factory sets
set N_f_2[1] :=  4 7 ;
set N_f_2[2] :=  5 ;
set N_f_2[3] :=  6 ;

# 6 factory stop capacities
param H :=
1 2
2 1
3 1 ;

# 7 pickup locations for each order
param L_pd :=
1 1
2 2
3 3
4 2 ;

# 8 delivery locations for each order
param L_dd :=
1 7
2 5
3 6
4 4 ;

# 9 location sets
set L_2[1] :=  1 ;
set L_2[2] :=  2 4 ;
set L_2[3] :=  3 ;
set L_2[4] :=  4 ;
set L_2[5] :=  2 ;
set L_2[6] :=  3 ;
set L_2[7] :=  1 ;

# 10 order weights
param Q_kg_2 :=
1 1429.5369022944196
2 1725.043332202015
3 911.2145800916591
4 22437.763607633085 ;

# 11 order volumes
param Q_vol_2 :=
1 11.98351299017439
2 8.424182644775785
3 14.093879201595678
4 54.70611750664623 ;

# 12 Locations vehicle can visit
set N_v_2[1] := 1 2 3 4 5 6 7 ;
set N_v_2[2] := 1 2 3 4 5 6 7 ;
set N_v_2[3] := 1 2 3 4 5 6 7 ;

# 13 Orders vehicles can pick up
set N_vp[1] := 2 3 ;
set N_vp[2] := 1 2 3 ;
set N_vp[3] := 1 2 3 4 ;

# 14 vehicle weight capacity
param K_kg :=
1 12000.0
2 18000.0
3 24000.0 ;

# 15 vehicle volume capacity
param K_vol :=
1 55.0
2 71.0
3 102.0 ;

# 16 amount of distance intervals
param na :=
1 2
2 2
3 2 ;

# 17 amount of weight intervals
param nb :=
1 3
2 2
3 2 ;

# 18 Distance intervals
param B_2 :=
1 1 1500.0
1 2 9999999.0
2 1 1500.0
2 2 9999999.0
3 1 1500.0
3 2 9999999.0 ;

# 19 Weight intervals
param Z_2 :=
1 1 700.0
1 2 3000.0
1 3 24000.0
2 1 1500.0
2 2 24000.0
2 3 . 
3 1 1500.0
3 2 24000.0
3 3 . ;

# 20 cost per kilometer
param C_km :=
1 1 1 0.08247985839843748
1 1 2 0.15701783512579273
1 1 3 0.3723393221028571
1 2 1 0.05498657226562501
1 2 2 0.10467855675052853
1 2 3 0.2482262147352381
2 1 1 0.13503576880693438
2 1 2 0.43439587578666683
2 1 3 . 
2 2 1 0.08487962610721587
2 2 2 0.2730488362087619
2 2 3 . 
3 1 1 0.1543265929222107
3 1 2 0.4964524294704762
3 1 3 . 
3 2 1 0.09645412057638168
3 2 2 0.3102827684190475
3 2 3 . ;

# 21 cost per kilo
param C_kg :=
1 1 1 0.0070495605468750035
1 1 2 0.0030595174524933127
1 1 3 8.114541859150757E-4
1 2 1 0.0028198242187500006
1 2 2 0.0012238069809973242
1 2 3 3.245816743660299E-4
2 1 1 0.004564315080642704
2 1 2 8.114541859150757E-4
2 1 3 . 
2 2 1 0.0018257260322570804
2 2 2 3.245816743660299E-4
2 2 3 . 
3 1 1 0.004564315080642704
3 1 2 8.114541859150757E-4
3 1 3 . 
3 2 1 0.0018257260322570804
3 2 2 3.245816743660299E-4
3 2 3 . ;

# 22 fixed costs
param C_fix :=
1 1 1 86.0625
1 1 2 202.5
1 1 3 764.94375
1 2 1 653.537109375
1 2 2 1537.734375
1 2 3 5808.7916015625
2 1 1 159.90504192000003
2 1 2 894.8759938560002
2 1 3 . 
2 2 1 1477.3559627052468
2 2 2 8267.721702398621
2 2 3 . 
3 1 1 195.31660031999994
3 1 2 1093.0495669759996
3 1 3 . 
3 2 1 2317.1726648638028
3 2 2 12967.584802256317
3 2 3 . ;

# 23 stopping costs
param C_stop_2 :=
1 1 28.0
1 2 25.0
1 3 22.0
1 4 20.0
1 5 23.0
1 6 21.0
1 7 25.0
2 1 42.0
2 2 37.5
2 3 33.0
2 4 30.0
2 5 34.5
2 6 31.5
2 7 37.5
3 1 56.0
3 2 50.0
3 3 44.0
3 4 40.0
3 5 46.0
3 6 42.0
3 7 50.0 ;

# 24 cost of no transport
param C_2 :=
1 61131.39695167361
2 45769.48429660099
3 56475.28647404866
4 299143.7535829771 ;

# 25 timewindow amounts at location
param pi_2 :=
1 4
2 3
3 4
4 4
5 4
6 3
7 4 ;

# 26 timewindow lower bounds
param T_l_2 :=
1 1 120.0
1 2 1560.0
1 3 3000.0
1 4 4440.0
2 1 0.0
2 2 240.0
2 3 1440.0
2 4 . 
3 1 60.0
3 2 1500.0
3 3 2940.0
3 4 4380.0
4 1 0.0
4 2 1440.0
4 3 2880.0
4 4 4320.0
5 1 120.0
5 2 1560.0
5 3 3000.0
5 4 4440.0
6 1 120.0
6 2 1560.0
6 3 3000.0
6 4 . 
7 1 60.0
7 2 1500.0
7 3 2940.0
7 4 4380.0 ;

# 27 timewindow upper bounds
param T_u_2 :=
1 1 420.0
1 2 1800.0
1 3 3240.0
1 4 4680.0
2 1 180.0
2 2 420.0
2 3 1620.0
2 4 . 
3 1 300.0
3 2 1680.0
3 3 3120.0
3 4 4560.0
4 1 300.0
4 2 1680.0
4 3 3120.0
4 4 4560.0
5 1 420.0
5 2 1740.0
5 3 3180.0
5 4 4620.0
6 1 300.0
6 2 1740.0
6 3 3180.0
6 4 . 
7 1 240.0
7 2 1800.0
7 3 3240.0
7 4 4680.0 ;

# 28 Travel time
param T_2 :=
1 1 1 . 
1 1 2 261.2903152167508
1 1 3 337.4761651762701
1 1 4 258.3787734363494
1 1 5 250.135590314305
1 1 6 308.9531202635567
1 1 7 317.5419156425836
1 2 1 261.2903152167508
1 2 2 . 
1 2 3 2.0
1 2 4 1.0
1 2 5 1.5811388300841895
1 2 6 312.1395303392028
1 2 7 0.7071067811865475
1 3 1 337.4761651762701
1 3 2 2.0
1 3 3 . 
1 3 4 2.23606797749979
1 3 5 0.7071067811865475
1 3 6 286.15435785893976
1 3 7 1.5811388300841895
1 4 1 258.3787734363494
1 4 2 1.0
1 4 3 2.23606797749979
1 4 4 . 
1 4 5 2.1213203435596424
1 4 6 290.02073894595543
1 4 7 1.5811388300841895
1 5 1 250.135590314305
1 5 2 1.5811388300841895
1 5 3 0.7071067811865475
1 5 4 2.1213203435596424
1 5 5 . 
1 5 6 234.71208807821012
1 5 7 1.0
1 6 1 308.9531202635567
1 6 2 312.1395303392028
1 6 3 286.15435785893976
1 6 4 290.02073894595543
1 6 5 234.71208807821012
1 6 6 . 
1 6 7 308.7044004953651
1 7 1 317.5419156425836
1 7 2 0.7071067811865475
1 7 3 1.5811388300841895
1 7 4 1.5811388300841895
1 7 5 1.0
1 7 6 308.7044004953651
1 7 7 . 
2 1 1 . 
2 1 2 267.82257309716954
2 1 3 345.91306930567686
2 1 4 264.83824277225807
2 1 5 256.3889800721626
2 1 6 316.6769482701456
2 1 7 325.48046353364816
2 2 1 267.82257309716954
2 2 2 . 
2 2 3 2.05
2 2 4 1.025
2 2 5 1.6206673008362942
2 2 6 319.94301859768285
2 2 7 0.7247844507162111
2 3 1 345.91306930567686
2 3 2 2.05
2 3 3 . 
2 3 4 2.2919696769372844
2 3 5 0.7247844507162111
2 3 6 293.3082168054132
2 3 7 1.6206673008362942
2 4 1 264.83824277225807
2 4 2 1.025
2 4 3 2.2919696769372844
2 4 4 . 
2 4 5 2.1743533521486333
2 4 6 297.2712574196043
2 4 7 1.6206673008362942
2 5 1 256.3889800721626
2 5 2 1.6206673008362942
2 5 3 0.7247844507162111
2 5 4 2.1743533521486333
2 5 5 . 
2 5 6 240.57989028016536
2 5 7 1.025
2 6 1 316.6769482701456
2 6 2 319.94301859768285
2 6 3 293.3082168054132
2 6 4 297.2712574196043
2 6 5 240.57989028016536
2 6 6 . 
2 6 7 316.42201050774923
2 7 1 325.48046353364816
2 7 2 0.7247844507162111
2 7 3 1.6206673008362942
2 7 4 1.6206673008362942
2 7 5 1.025
2 7 6 316.42201050774923
2 7 7 . 
3 1 1 . 
3 1 2 274.35483097758834
3 1 3 354.34997343508365
3 1 4 271.2977121081669
3 1 5 262.64236983002024
3 1 6 324.4007762767345
3 1 7 333.4190114247128
3 2 1 274.35483097758834
3 2 2 . 
3 2 3 2.1
3 2 4 1.05
3 2 5 1.660195771588399
3 2 6 327.74650685616297
3 2 7 0.7424621202458749
3 3 1 354.34997343508365
3 3 2 2.1
3 3 3 . 
3 3 4 2.3478713763747794
3 3 5 0.7424621202458749
3 3 6 300.46207575188674
3 3 7 1.660195771588399
3 4 1 271.2977121081669
3 4 2 1.05
3 4 3 2.3478713763747794
3 4 4 . 
3 4 5 2.2273863607376247
3 4 6 304.5217758932532
3 4 7 1.660195771588399
3 5 1 262.64236983002024
3 5 2 1.660195771588399
3 5 3 0.7424621202458749
3 5 4 2.2273863607376247
3 5 5 . 
3 5 6 246.44769248212063
3 5 7 1.05
3 6 1 324.4007762767345
3 6 2 327.74650685616297
3 6 3 300.46207575188674
3 6 4 304.5217758932532
3 6 5 246.44769248212063
3 6 6 . 
3 6 7 324.1396205201334
3 7 1 333.4190114247128
3 7 2 0.7424621202458749
3 7 3 1.660195771588399
3 7 4 1.660195771588399
3 7 5 1.05
3 7 6 324.1396205201334
3 7 7 . ;

# 29 Travel distance
param D_2 :=
1 1 . 
1 2 494.5806304335017
1 3 492.9523303525403
1 4 492.75754687269887
1 5 494.27118062861
1 6 463.9062405271134
1 7 495.0838312851673
2 1 494.5806304335017
2 2 . 
2 3 4.0
2 4 2.0
2 5 3.1622776601683795
2 6 446.2790606784056
2 7 1.4142135623730951
3 1 492.9523303525403
3 2 4.0
3 3 . 
3 4 4.47213595499958
3 5 1.4142135623730951
3 6 442.3087157178796
3 7 3.1622776601683795
4 1 492.75754687269887
4 2 2.0
4 3 4.47213595499958
4 4 . 
4 5 4.242640687119285
4 6 446.04147789191086
4 7 3.1622776601683795
5 1 494.27118062861
5 2 3.1622776601683795
5 3 1.4142135623730951
5 4 4.242640687119285
5 5 . 
5 6 443.42417615642023
5 7 2.0
6 1 463.9062405271134
6 2 446.2790606784056
6 3 442.3087157178796
6 4 446.04147789191086
6 5 443.42417615642023
6 6 . 
6 7 445.4088009907303
7 1 495.0838312851673
7 2 1.4142135623730951
7 3 3.1622776601683795
7 4 3.1622776601683795
7 5 2.0
7 6 445.4088009907303
7 7 . ;

