# 1 amount of Vehicles
param nv :=
4 ;

# 2 amount of Orders
param no :=
7 ;

# 3 amount of locations
param nl :=
10 ;

# 4 amount of factories
param nf :=
4 ;

# 5 factory sets
set N_f_2[1] :=  6 ;
set N_f_2[2] :=  7 ;
set N_f_2[3] :=  8 10 ;
set N_f_2[4] :=  9 ;

# 6 factory stop capacities
param H :=
1 1
2 1
3 1
4 1 ;

# 7 pickup locations for each order
param L_pd :=
1 3
2 1
3 5
4 4
5 2
6 5
7 5 ;

# 8 delivery locations for each order
param L_dd :=
1 8
2 7
3 9
4 10
5 6
6 7
7 9 ;

# 9 location sets
set L_2[1] :=  2 ;
set L_2[2] :=  5 ;
set L_2[3] :=  1 ;
set L_2[4] :=  4 ;
set L_2[5] :=  3 6 7 ;
set L_2[6] :=  5 ;
set L_2[7] :=  2 6 ;
set L_2[8] :=  1 ;
set L_2[9] :=  3 7 ;
set L_2[10] :=  4 ;

# 10 order weights
param Q_kg_2 :=
1 739.8140833447604
2 1819.6684725379823
3 133.69571694874233
4 1426.2687323241598
5 1251.773560138676
6 624.5747684625297
7 19878.10402076813 ;

# 11 order volumes
param Q_vol_2 :=
1 13.028623065550754
2 4.163338365785444
3 0.7548671597266368
4 14.272011840158465
5 3.2527110605649336
6 16.222129479132033
7 78.98025055827726 ;

# 12 Locations vehicle can visit
set N_v_2[1] := 1 2 3 4 5 6 7 8 9 10 ;
set N_v_2[2] := 1 2 3 4 5 6 7 8 9 10 ;
set N_v_2[3] := 1 2 3 4 5 6 7 8 9 10 ;
set N_v_2[4] := 1 2 3 4 5 6 7 8 9 10 ;

# 13 Orders vehicles can pick up
set N_vp_2[1] := 1 2 3 4 5 6 ;
set N_vp_2[2] := 1 2 3 4 5 6 ;
set N_vp_2[3] := 1 2 3 4 5 6 7 ;
set N_vp_2[4] := 1 2 3 4 5 6 7 ;

# 14 vehicle weight capacity
param K_kg :=
1 12000.0
2 18000.0
3 24000.0
4 24000.0 ;

# 15 vehicle volume capacity
param K_vol :=
1 55.0
2 71.0
3 102.0
4 102.0 ;

# 16 amount of distance intervals
param na :=
1 2
2 2
3 2
4 2 ;

# 17 amount of weight intervals
param nb :=
1 2
2 2
3 3
4 3 ;

# 18 Distance intervals
param B_2 :=
1 1 1500.0
1 2 9999999.0
2 1 1500.0
2 2 9999999.0
3 1 1500.0
3 2 9999999.0
4 1 1500.0
4 2 9999999.0 ;

# 19 Weight intervals
param Z_2 :=
1 1 1500.0
1 2 24000.0
1 3 . 
2 1 1500.0
2 2 24000.0
2 3 . 
3 1 700.0
3 2 3000.0
3 3 24000.0
4 1 700.0
4 2 3000.0
4 3 24000.0 ;

# 20 cost per kilometer
param C_km :=
1 1 1 0.11574494469165798
1 1 2 0.3723393221028571
1 1 3 . 
1 2 1 0.07716329646110535
1 2 2 0.2482262147352381
1 2 3 . 
2 1 1 0.13503576880693438
2 1 2 0.43439587578666683
2 1 3 . 
2 2 1 0.08487962610721587
2 2 2 0.2730488362087619
2 2 3 . 
3 1 1 0.10997314453125002
3 1 2 0.20935711350105707
3 1 3 0.4964524294704762
3 2 1 0.06873321533203125
3 2 2 0.13084819593816063
3 2 3 0.3102827684190475
4 1 1 0.10997314453125002
4 1 2 0.20935711350105707
4 1 3 0.4964524294704762
4 2 1 0.06873321533203125
4 2 2 0.13084819593816063
4 2 3 0.3102827684190475 ;

# 21 cost per kilo
param C_kg :=
1 1 1 0.004564315080642704
1 1 2 8.114541859150757E-4
1 1 3 . 
1 2 1 0.0018257260322570804
1 2 2 3.245816743660299E-4
1 2 3 . 
2 1 1 0.004564315080642704
2 1 2 8.114541859150757E-4
2 1 3 . 
2 2 1 0.0018257260322570804
2 2 2 3.245816743660299E-4
2 2 3 . 
3 1 1 0.0070495605468750035
3 1 2 0.0030595174524933127
3 1 3 8.114541859150757E-4
3 2 1 0.0028198242187500006
3 2 2 0.0012238069809973242
3 2 3 3.245816743660299E-4
4 1 1 0.0070495605468750035
4 1 2 0.0030595174524933127
4 1 3 8.114541859150757E-4
4 2 1 0.0028198242187500006
4 2 2 0.0012238069809973242
4 2 3 3.245816743660299E-4 ;

# 22 fixed costs
param C_fix :=
1 1 1 136.6875
1 1 2 764.94375
1 1 3 . 
1 2 1 1037.970703125
1 2 2 5808.7916015625
1 2 3 . 
2 1 1 159.90504192000003
2 1 2 894.8759938560002
2 1 3 . 
2 2 1 1477.3559627052468
2 2 2 8267.721702398621
2 2 3 . 
3 1 1 122.97711871999996
3 1 2 289.35792639999994
3 1 3 1093.0495669759996
3 2 1 1458.9605667660978
3 2 2 3432.848392390819
3 2 3 12967.584802256317
4 1 1 122.97711871999996
4 1 2 289.35792639999994
4 1 3 1093.0495669759996
4 2 1 1458.9605667660978
4 2 2 3432.848392390819
4 2 3 12967.584802256317 ;

# 23 stopping costs
param C_stop_2 :=
1 1 20.0
1 2 22.0
1 3 22.0
1 4 22.0
1 5 24.0
1 6 20.0
1 7 20.0
1 8 20.0
1 9 30.0
1 10 28.0
2 1 30.0
2 2 33.0
2 3 33.0
2 4 33.0
2 5 36.0
2 6 30.0
2 7 30.0
2 8 30.0
2 9 45.0
2 10 42.0
3 1 40.0
3 2 44.0
3 3 44.0
3 4 44.0
3 5 48.0
3 6 40.0
3 7 40.0
3 8 40.0
3 9 60.0
3 10 56.0
4 1 40.0
4 2 44.0
4 3 44.0
4 4 44.0
4 5 48.0
4 6 40.0
4 7 40.0
4 8 40.0
4 9 60.0
4 10 56.0 ;

# 24 cost of no transport
param C_2 :=
1 61170.109820040125
2 83739.36576356643
3 57278.895818611985
4 73090.55589860684
5 35865.31499175675
6 62153.455641414526
7 332948.3622553565 ;

# 25 timewindow amounts at location
param pi_2 :=
1 4
2 4
3 3
4 4
5 4
6 4
7 3
8 4
9 3
10 4 ;

# 26 timewindow lower bounds
param T_l_2 :=
1 1 60.0
1 2 1500.0
1 3 2940.0
1 4 4380.0
2 1 60.0
2 2 360.0
2 3 1500.0
2 4 1800.0
3 1 120.0
3 2 1560.0
3 3 3000.0
3 4 . 
4 1 0.0
4 2 420.0
4 3 1440.0
4 4 1860.0
5 1 120.0
5 2 1560.0
5 3 3000.0
5 4 4440.0
6 1 60.0
6 2 420.0
6 3 1500.0
6 4 1920.0
7 1 120.0
7 2 360.0
7 3 1560.0
7 4 . 
8 1 0.0
8 2 300.0
8 3 1440.0
8 4 1740.0
9 1 60.0
9 2 1500.0
9 3 2940.0
9 4 . 
10 1 120.0
10 2 480.0
10 3 1560.0
10 4 1920.0 ;

# 27 timewindow upper bounds
param T_u_2 :=
1 1 240.0
1 2 1800.0
1 3 3240.0
1 4 4680.0
2 1 240.0
2 2 600.0
2 3 1680.0
2 4 2040.0
3 1 420.0
3 2 1800.0
3 3 3240.0
3 4 . 
4 1 300.0
4 2 660.0
4 3 1740.0
4 4 2100.0
5 1 360.0
5 2 1800.0
5 3 3240.0
5 4 4680.0
6 1 360.0
6 2 660.0
6 3 1800.0
6 4 2160.0
7 1 300.0
7 2 600.0
7 3 1740.0
7 4 . 
8 1 180.0
8 2 600.0
8 3 1620.0
8 4 2040.0
9 1 240.0
9 2 1680.0
9 3 3120.0
9 4 . 
10 1 420.0
10 2 720.0
10 3 1860.0
10 4 2160.0 ;

# 28 Travel time
param T_2 :=
1 1 1 . 
1 1 2 240.47291030733308
1 1 3 228.10662530056257
1 1 4 1.8027756377319943
1 1 5 413.58442764499705
1 1 6 306.15435785893976
1 1 7 892.655711206686
1 1 8 483.22869866131344
1 1 9 420.5092086155544
1 1 10 498.17374367455557
1 2 1 240.47291030733308
1 2 2 . 
1 2 3 554.9452897393488
1 2 4 294.8508469806655
1 2 5 269.1711391265388
1 2 6 1.5811388300841895
1 2 7 609.6791716782819
1 2 8 532.6849315610609
1 2 9 660.3125252568982
1 2 10 477.3562912488932
1 3 1 228.10662530056257
1 3 2 554.9452897393488
1 3 3 . 
1 3 4 221.30591762594014
1 3 5 577.3377905462874
1 3 6 549.0824058937116
1 3 7 976.612383012731
1 3 8 376.7224320173627
1 3 9 159.04166088123657
1 3 10 451.5127362995439
1 4 1 1.8027756377319943
1 4 2 294.8508469806655
1 4 3 221.30591762594014
1 4 4 . 
1 4 5 515.2409946052912
1 4 6 240.52415599210798
1 4 7 723.9661223567429
1 4 8 523.3225619875476
1 4 9 493.720783613986
1 4 10 467.2642789201129
1 5 1 413.58442764499705
1 5 2 269.1711391265388
1 5 3 577.3377905462874
1 5 4 515.2409946052912
1 5 5 . 
1 5 6 287.0244033439924
1 5 7 430.0929746276198
1 5 8 420.6309620449097
1 5 9 814.4511914899654
1 5 10 420.33486608242276
1 6 1 306.15435785893976
1 6 2 1.5811388300841895
1 6 3 549.0824058937116
1 6 4 240.52415599210798
1 6 5 287.0244033439924
1 6 6 . 
1 6 7 650.5958054151836
1 6 8 439.12092271194626
1 6 9 725.2603539035601
1 6 10 482.7932642562002
1 7 1 892.655711206686
1 7 2 609.6791716782819
1 7 3 976.612383012731
1 7 4 723.9661223567429
1 7 5 430.0929746276198
1 7 6 650.5958054151836
1 7 7 . 
1 7 8 609.110553135081
1 7 9 1052.6783269638554
1 7 10 477.4807270668339
1 8 1 483.22869866131344
1 8 2 532.6849315610609
1 8 3 376.7224320173627
1 8 4 523.3225619875476
1 8 5 420.6309620449097
1 8 6 439.12092271194626
1 8 7 609.110553135081
1 8 8 . 
1 8 9 442.8638061256896
1 8 10 2.23606797749979
1 9 1 420.5092086155544
1 9 2 660.3125252568982
1 9 3 159.04166088123657
1 9 4 493.720783613986
1 9 5 814.4511914899654
1 9 6 725.2603539035601
1 9 7 1052.6783269638554
1 9 8 442.8638061256896
1 9 9 . 
1 9 10 462.00797092241214
1 10 1 498.17374367455557
1 10 2 477.3562912488932
1 10 3 451.5127362995439
1 10 4 467.2642789201129
1 10 5 420.33486608242276
1 10 6 482.7932642562002
1 10 7 477.4807270668339
1 10 8 2.23606797749979
1 10 9 462.00797092241214
1 10 10 . 
2 1 1 . 
2 1 2 246.4847330650164
2 1 3 233.80929093307662
2 1 4 1.847845028675294
2 1 5 423.92403833612195
2 1 6 313.8082168054132
2 1 7 914.9721039868531
2 1 8 495.30941612784625
2 1 9 431.02193883094327
2 1 10 510.6280872664194
2 2 1 246.4847330650164
2 2 2 . 
2 2 3 568.8189219828325
2 2 4 302.2221181551821
2 2 5 275.9004176047022
2 2 6 1.6206673008362942
2 2 7 624.921150970239
2 2 8 546.0020548500873
2 2 9 676.8203383883206
2 2 10 489.2901985301155
2 3 1 233.80929093307662
2 3 2 568.8189219828325
2 3 3 . 
2 3 4 226.8385655665886
2 3 5 591.7712353099445
2 3 6 562.8094660410543
2 3 7 1001.0276925880491
2 3 8 386.1404928177967
2 3 9 163.01770240326746
2 3 10 462.80055470703246
2 4 1 1.847845028675294
2 4 2 302.2221181551821
2 4 3 226.8385655665886
2 4 4 . 
2 4 5 528.1220194704234
2 4 6 246.53725989191065
2 4 7 742.0652754156614
2 4 8 536.4056260372363
2 4 9 506.0638032043356
2 4 10 478.94588589311564
2 5 1 423.92403833612195
2 5 2 275.9004176047022
2 5 3 591.7712353099445
2 5 4 528.1220194704234
2 5 5 . 
2 5 6 294.2000134275922
2 5 7 440.8452989933103
2 5 8 431.14673609603244
2 5 9 834.8124712772144
2 5 10 430.8432377344833
2 6 1 313.8082168054132
2 6 2 1.6206673008362942
2 6 3 562.8094660410543
2 6 4 246.53725989191065
2 6 5 294.2000134275922
2 6 6 . 
2 6 7 666.8607005505631
2 6 8 450.0989457797449
2 6 9 743.3918627511491
2 6 10 494.8630958626052
2 7 1 914.9721039868531
2 7 2 624.921150970239
2 7 3 1001.0276925880491
2 7 4 742.0652754156614
2 7 5 440.8452989933103
2 7 6 666.8607005505631
2 7 7 . 
2 7 8 624.3383169634579
2 7 9 1078.9952851379517
2 7 10 489.41774524350467
2 8 1 495.30941612784625
2 8 2 546.0020548500873
2 8 3 386.1404928177967
2 8 4 536.4056260372363
2 8 5 431.14673609603244
2 8 6 450.0989457797449
2 8 7 624.3383169634579
2 8 8 . 
2 8 9 453.9354012788318
2 8 10 2.2919696769372844
2 9 1 431.02193883094327
2 9 2 676.8203383883206
2 9 3 163.01770240326746
2 9 4 506.0638032043356
2 9 5 834.8124712772144
2 9 6 743.3918627511491
2 9 7 1078.9952851379517
2 9 8 453.9354012788318
2 9 9 . 
2 9 10 473.5581701954724
2 10 1 510.6280872664194
2 10 2 489.2901985301155
2 10 3 462.80055470703246
2 10 4 478.94588589311564
2 10 5 430.8432377344833
2 10 6 494.8630958626052
2 10 7 489.41774524350467
2 10 8 2.2919696769372844
2 10 9 473.5581701954724
2 10 10 . 
3 1 1 . 
3 1 2 252.49655582269975
3 1 3 239.5119565655907
3 1 4 1.892914419618594
3 1 5 434.2636490272469
3 1 6 321.46207575188674
3 1 7 937.2884967670203
3 1 8 507.39013359437917
3 1 9 441.53466904633217
3 1 10 523.0824308582834
3 2 1 252.49655582269975
3 2 2 . 
3 2 3 582.6925542263162
3 2 4 309.59338932969877
3 2 5 282.62969608286573
3 2 6 1.660195771588399
3 2 7 640.1631302621961
3 2 8 559.319178139114
3 2 9 693.3281515197432
3 2 10 501.2241058113379
3 3 1 239.5119565655907
3 3 2 582.6925542263162
3 3 3 . 
3 3 4 232.37121350723714
3 3 5 606.2046800736017
3 3 6 576.5365261883971
3 3 7 1025.4430021633675
3 3 8 395.5585536182308
3 3 9 166.9937439252984
3 3 10 474.0883731145211
3 4 1 1.892914419618594
3 4 2 309.59338932969877
3 4 3 232.37121350723714
3 4 4 . 
3 4 5 541.0030443355558
3 4 6 252.55036379171338
3 4 7 760.1644284745801
3 4 8 549.488690086925
3 4 9 518.4068227946854
3 4 10 490.62749286611853
3 5 1 434.2636490272469
3 5 2 282.62969608286573
3 5 3 606.2046800736017
3 5 4 541.0030443355558
3 5 5 . 
3 5 6 301.37562351119203
3 5 7 451.5976233590008
3 5 8 441.6625101471552
3 5 9 855.1737510644637
3 5 10 441.35160938654394
3 6 1 321.46207575188674
3 6 2 1.660195771588399
3 6 3 576.5365261883971
3 6 4 252.55036379171338
3 6 5 301.37562351119203
3 6 6 . 
3 6 7 683.1255956859428
3 6 8 461.0769688475436
3 6 9 761.5233715987382
3 6 10 506.9329274690102
3 7 1 937.2884967670203
3 7 2 640.1631302621961
3 7 3 1025.4430021633675
3 7 4 760.1644284745801
3 7 5 451.5976233590008
3 7 6 683.1255956859428
3 7 7 . 
3 7 8 639.566080791835
3 7 9 1105.3122433120482
3 7 10 501.3547634201756
3 8 1 507.39013359437917
3 8 2 559.319178139114
3 8 3 395.5585536182308
3 8 4 549.488690086925
3 8 5 441.6625101471552
3 8 6 461.0769688475436
3 8 7 639.566080791835
3 8 8 . 
3 8 9 465.00699643197413
3 8 10 2.3478713763747794
3 9 1 441.53466904633217
3 9 2 693.3281515197432
3 9 3 166.9937439252984
3 9 4 518.4068227946854
3 9 5 855.1737510644637
3 9 6 761.5233715987382
3 9 7 1105.3122433120482
3 9 8 465.00699643197413
3 9 9 . 
3 9 10 485.10836946853277
3 10 1 523.0824308582834
3 10 2 501.2241058113379
3 10 3 474.0883731145211
3 10 4 490.62749286611853
3 10 5 441.35160938654394
3 10 6 506.9329274690102
3 10 7 501.3547634201756
3 10 8 2.3478713763747794
3 10 9 485.10836946853277
3 10 10 . 
4 1 1 . 
4 1 2 252.49655582269975
4 1 3 239.5119565655907
4 1 4 1.892914419618594
4 1 5 434.2636490272469
4 1 6 321.46207575188674
4 1 7 937.2884967670203
4 1 8 507.39013359437917
4 1 9 441.53466904633217
4 1 10 523.0824308582834
4 2 1 252.49655582269975
4 2 2 . 
4 2 3 582.6925542263162
4 2 4 309.59338932969877
4 2 5 282.62969608286573
4 2 6 1.660195771588399
4 2 7 640.1631302621961
4 2 8 559.319178139114
4 2 9 693.3281515197432
4 2 10 501.2241058113379
4 3 1 239.5119565655907
4 3 2 582.6925542263162
4 3 3 . 
4 3 4 232.37121350723714
4 3 5 606.2046800736017
4 3 6 576.5365261883971
4 3 7 1025.4430021633675
4 3 8 395.5585536182308
4 3 9 166.9937439252984
4 3 10 474.0883731145211
4 4 1 1.892914419618594
4 4 2 309.59338932969877
4 4 3 232.37121350723714
4 4 4 . 
4 4 5 541.0030443355558
4 4 6 252.55036379171338
4 4 7 760.1644284745801
4 4 8 549.488690086925
4 4 9 518.4068227946854
4 4 10 490.62749286611853
4 5 1 434.2636490272469
4 5 2 282.62969608286573
4 5 3 606.2046800736017
4 5 4 541.0030443355558
4 5 5 . 
4 5 6 301.37562351119203
4 5 7 451.5976233590008
4 5 8 441.6625101471552
4 5 9 855.1737510644637
4 5 10 441.35160938654394
4 6 1 321.46207575188674
4 6 2 1.660195771588399
4 6 3 576.5365261883971
4 6 4 252.55036379171338
4 6 5 301.37562351119203
4 6 6 . 
4 6 7 683.1255956859428
4 6 8 461.0769688475436
4 6 9 761.5233715987382
4 6 10 506.9329274690102
4 7 1 937.2884967670203
4 7 2 640.1631302621961
4 7 3 1025.4430021633675
4 7 4 760.1644284745801
4 7 5 451.5976233590008
4 7 6 683.1255956859428
4 7 7 . 
4 7 8 639.566080791835
4 7 9 1105.3122433120482
4 7 10 501.3547634201756
4 8 1 507.39013359437917
4 8 2 559.319178139114
4 8 3 395.5585536182308
4 8 4 549.488690086925
4 8 5 441.6625101471552
4 8 6 461.0769688475436
4 8 7 639.566080791835
4 8 8 . 
4 8 9 465.00699643197413
4 8 10 2.3478713763747794
4 9 1 441.53466904633217
4 9 2 693.3281515197432
4 9 3 166.9937439252984
4 9 4 518.4068227946854
4 9 5 855.1737510644637
4 9 6 761.5233715987382
4 9 7 1105.3122433120482
4 9 8 465.00699643197413
4 9 9 . 
4 9 10 485.10836946853277
4 10 1 523.0824308582834
4 10 2 501.2241058113379
4 10 3 474.0883731145211
4 10 4 490.62749286611853
4 10 5 441.35160938654394
4 10 6 506.9329274690102
4 10 7 501.3547634201756
4 10 8 2.3478713763747794
4 10 9 485.10836946853277
4 10 10 . ;

# 29 Travel distance
param D_2 :=
1 1 . 
1 2 442.94582061466616
1 3 436.21325060112514
1 4 3.605551275463989
1 5 755.1688552899941
1 6 442.3087157178796
1 7 1379.3114224133722
1 8 824.457397322627
1 9 733.0184172311089
1 10 820.3474873491111
2 1 442.94582061466616
2 2 . 
2 3 817.8905794786978
2 4 445.70169396133105
2 5 422.34227825307755
2 6 3.1622776601683795
2 7 1077.3583433565639
2 8 865.369863122122
2 9 1082.6250505137964
2 10 862.7125824977865
3 1 436.21325060112514
3 2 817.8905794786978
3 3 . 
3 4 432.6118352518803
3 5 984.6755810925749
3 6 816.1648117874232
3 7 1497.2247660254623
3 8 691.4448640347255
3 9 300.0833217624732
3 10 687.0254725990878
4 1 3.605551275463989
4 2 445.70169396133105
4 3 432.6118352518803
4 4 . 
4 5 756.4819892105826
4 6 445.04831198421596
4 7 1379.932244713486
4 8 822.6451239750953
4 9 729.441567227972
4 10 818.5285578402259
5 1 755.1688552899941
5 2 422.34227825307755
5 3 984.6755810925749
5 4 756.4819892105826
5 5 . 
5 6 420.0488066879848
5 7 656.1859492552397
5 8 689.2619240898194
5 9 1172.9023829799307
5 10 688.6697321648455
6 1 442.3087157178796
6 2 3.1622776601683795
6 3 816.1648117874232
6 4 445.04831198421596
6 5 420.0488066879848
6 6 . 
6 7 1075.1916108303674
6 8 862.2418454238926
6 9 1080.5207078071203
6 10 859.5865285124005
7 1 1379.3114224133722
7 2 1077.3583433565639
7 3 1497.2247660254623
7 4 1379.932244713486
7 5 656.1859492552397
7 6 1075.1916108303674
7 7 . 
7 8 918.221106270162
7 9 1591.3566539277108
7 10 920.9614541336679
8 1 824.457397322627
8 2 865.369863122122
8 3 691.4448640347255
8 4 822.6451239750953
8 5 689.2619240898194
8 6 862.2418454238926
8 7 918.221106270162
8 8 . 
8 9 693.7276122513792
8 10 4.47213595499958
9 1 733.0184172311089
9 2 1082.6250505137964
9 3 300.0833217624732
9 4 729.441567227972
9 5 1172.9023829799307
9 6 1080.5207078071203
9 7 1591.3566539277108
9 8 693.7276122513792
9 9 . 
9 10 690.0159418448243
10 1 820.3474873491111
10 2 862.7125824977865
10 3 687.0254725990878
10 4 818.5285578402259
10 5 688.6697321648455
10 6 859.5865285124005
10 7 920.9614541336679
10 8 4.47213595499958
10 9 690.0159418448243
10 10 . ;

