# 1 amount of Vehicles
param nv :=
10 ;

# 2 amount of Orders
param no :=
20 ;

# 3 amount of locations
param nl :=
11 ;

# 4 amount of factories
param nf :=
4 ;

# 5 factory sets
set N_f_2[1] :=  6 ;
set N_f_2[2] :=  7 ;
set N_f_2[3] :=  8 10 ;
set N_f_2[4] :=  9 11 ;

# 6 factory stop capacities
param H :=
1 1
2 1
3 3
4 1 ;

# 7 pickup locations for each order
param L_pd :=
1 1
2 4
3 3
4 2
5 5
6 2
7 2
8 4
9 5
10 1
11 4
12 5
13 5
14 2
15 3
16 4
17 2
18 1
19 2
20 3 ;

# 8 delivery locations for each order
param L_dd :=
1 9
2 10
3 6
4 8
5 11
6 7
7 8
8 10
9 6
10 9
11 11
12 11
13 8
14 7
15 9
16 9
17 7
18 9
19 11
20 7 ;

# 9 location sets
set L_2[1] :=  1 10 18 ;
set L_2[2] :=  4 6 7 14 17 19 ;
set L_2[3] :=  3 15 20 ;
set L_2[4] :=  2 8 11 16 ;
set L_2[5] :=  5 9 12 13 ;
set L_2[6] :=  3 9 ;
set L_2[7] :=  6 14 17 20 ;
set L_2[8] :=  4 7 13 ;
set L_2[9] :=  1 10 15 16 18 ;
set L_2[10] :=  2 8 ;
set L_2[11] :=  5 11 12 19 ;

# 10 order weights
param Q_kg_2 :=
1 7398.303284220754
2 1172.845394037541
3 310.2156700879573
4 19560.453149231194
5 91.74075619611342
6 11115.040958509517
7 298.48332217228403
8 1975.0153071973536
9 887.6528770842771
10 134.8329954705569
11 692.2400996795841
12 1625.3778390381842
13 1803.0026926716184
14 343.70631498609333
15 1084.9627516459714
16 704.5734852369699
17 111.88649796001664
18 797.881350520402
19 588.3721775012361
20 2280.100282641092 ;

# 11 order volumes
param Q_vol_2 :=
1 22.25586400897462
2 4.930649286278236
3 6.153762896479798
4 45.01834245462769
5 2.3738117452832266
6 66.35425673508855
7 1.7537537493824753
8 6.495251420364862
9 3.344632567902231
10 0.32318782290756914
11 3.061016958908479
12 30.375644822837337
13 4.045342098559671
14 5.964597686678035
15 2.900982000148369
16 14.778146015404667
17 1.0528343088506864
18 1.7959354192117682
19 5.758141680734989
20 25.244439777273243 ;

# 12 Locations vehicle can visit
set N_v_2[1] := 1 2 3 4 5 6 7 8 9 10 11 ;
set N_v_2[2] := 1 2 3 4 5 6 7 8 9 10 11 ;
set N_v_2[3] := 1 2 3 4 5 6 7 8 9 10 11 ;
set N_v_2[4] := 1 2 3 4 5 6 7 8 9 10 11 ;
set N_v_2[5] := 1 2 3 4 5 6 7 8 9 10 11 ;
set N_v_2[6] := 1 2 3 4 5 6 7 8 9 10 11 ;
set N_v_2[7] := 1 2 3 4 5 6 7 8 9 10 11 ;
set N_v_2[8] := 1 2 3 4 5 6 7 8 9 10 11 ;
set N_v_2[9] := 1 2 3 4 5 6 7 8 9 10 11 ;
set N_v_2[10] := 1 2 3 4 5 6 7 8 9 10 11 ;

# 13 Orders vehicles can pick up
set N_vp[1] := 2 3 5 7 8 9 10 11 12 13 14 16 17 18 19 20 ;
set N_vp[2] := 2 3 5 7 8 9 10 11 12 13 14 16 17 18 19 20 ;
set N_vp[3] := 2 3 5 7 8 9 10 11 12 13 14 16 17 18 19 20 ;
set N_vp[4] := 1 2 3 5 6 7 8 9 10 11 12 13 14 15 16 17 18 19 20 ;
set N_vp[5] := 1 2 3 5 6 7 8 9 10 11 12 13 14 15 16 17 18 19 20 ;
set N_vp[6] := 1 2 3 5 6 7 8 9 10 11 12 13 14 15 16 17 18 19 20 ;
set N_vp[7] := 1 2 3 4 5 6 7 8 9 10 11 12 13 14 15 16 17 18 19 20 ;
set N_vp[8] := 1 2 3 4 5 6 7 8 9 10 11 12 13 14 15 16 17 18 19 20 ;
set N_vp[9] := 1 2 3 4 5 6 7 8 9 10 11 12 13 14 15 16 17 18 19 20 ;
set N_vp[10] := 1 2 3 4 5 6 7 8 9 10 11 12 13 14 15 16 17 18 19 20 ;

# 14 vehicle weight capacity
param K_kg :=
1 12000.0
2 12000.0
3 12000.0
4 18000.0
5 18000.0
6 18000.0
7 24000.0
8 24000.0
9 24000.0
10 24000.0 ;

# 15 vehicle volume capacity
param K_vol :=
1 55.0
2 55.0
3 55.0
4 71.0
5 71.0
6 71.0
7 102.0
8 102.0
9 102.0
10 102.0 ;

# 16 amount of distance intervals
param na :=
1 3
2 3
3 3
4 2
5 2
6 2
7 2
8 2
9 2
10 2 ;

# 17 amount of weight intervals
param nb :=
1 4
2 4
3 4
4 7
5 7
6 7
7 4
8 4
9 4
10 4 ;

# 18 Distance intervals
param B_2 :=
1 1 500.0
1 2 2000.0
1 3 9999999.0
2 1 500.0
2 2 2000.0
2 3 9999999.0
3 1 500.0
3 2 2000.0
3 3 9999999.0
4 1 1500.0
4 2 9999999.0
4 3 . 
5 1 1500.0
5 2 9999999.0
5 3 . 
6 1 1500.0
6 2 9999999.0
6 3 . 
7 1 1500.0
7 2 9999999.0
7 3 . 
8 1 1500.0
8 2 9999999.0
8 3 . 
9 1 1500.0
9 2 9999999.0
9 3 . 
10 1 1500.0
10 2 9999999.0
10 3 . ;

# 19 Weight intervals
param Z_2 :=
1 1 500.0
1 2 1500.0
1 3 5000.0
1 4 24000.0
1 5 . 
1 6 . 
1 7 . 
2 1 500.0
2 2 1500.0
2 3 5000.0
2 4 24000.0
2 5 . 
2 6 . 
2 7 . 
3 1 500.0
3 2 1500.0
3 3 5000.0
3 4 24000.0
3 5 . 
3 6 . 
3 7 . 
4 1 200.0
4 2 600.0
4 3 1000.0
4 4 2000.0
4 5 4000.0
4 6 8000.0
4 7 24000.0
5 1 200.0
5 2 600.0
5 3 1000.0
5 4 2000.0
5 5 4000.0
5 6 8000.0
5 7 24000.0
6 1 200.0
6 2 600.0
6 3 1000.0
6 4 2000.0
6 5 4000.0
6 6 8000.0
6 7 24000.0
7 1 500.0
7 2 1500.0
7 3 5000.0
7 4 24000.0
7 5 . 
7 6 . 
7 7 . 
8 1 500.0
8 2 1500.0
8 3 5000.0
8 4 24000.0
8 5 . 
8 6 . 
8 7 . 
9 1 500.0
9 2 1500.0
9 3 5000.0
9 4 24000.0
9 5 . 
9 6 . 
9 7 . 
10 1 500.0
10 2 1500.0
10 3 5000.0
10 4 24000.0
10 5 . 
10 6 . 
10 7 . ;

# 20 cost per kilometer
param C_km :=
1 1 1 0.07105957031249999
1 1 2 0.11574494469165798
1 1 3 0.19662278014636098
1 1 4 0.3723393221028571
1 1 5 . 
1 1 6 . 
1 1 7 . 
1 2 1 0.07105957031249999
1 2 2 0.11574494469165798
1 2 3 0.19662278014636098
1 2 4 0.3723393221028571
1 2 5 . 
1 2 6 . 
1 2 7 . 
1 3 1 0.047373046875000005
1 3 2 0.07716329646110535
1 3 3 0.13108185343090736
1 3 4 0.2482262147352381
1 3 5 . 
1 3 6 . 
1 3 7 . 
2 1 1 0.07105957031249999
2 1 2 0.11574494469165798
2 1 3 0.19662278014636098
2 1 4 0.3723393221028571
2 1 5 . 
2 1 6 . 
2 1 7 . 
2 2 1 0.07105957031249999
2 2 2 0.11574494469165798
2 2 3 0.19662278014636098
2 2 4 0.3723393221028571
2 2 5 . 
2 2 6 . 
2 2 7 . 
2 3 1 0.047373046875000005
2 3 2 0.07716329646110535
2 3 3 0.13108185343090736
2 3 4 0.2482262147352381
2 3 5 . 
2 3 6 . 
2 3 7 . 
3 1 1 0.07105957031249999
3 1 2 0.11574494469165798
3 1 3 0.19662278014636098
3 1 4 0.3723393221028571
3 1 5 . 
3 1 6 . 
3 1 7 . 
3 2 1 0.07105957031249999
3 2 2 0.11574494469165798
3 2 3 0.19662278014636098
3 2 4 0.3723393221028571
3 2 5 . 
3 2 6 . 
3 2 7 . 
3 3 1 0.047373046875000005
3 3 2 0.07716329646110535
3 3 3 0.13108185343090736
3 3 4 0.2482262147352381
3 3 5 . 
3 3 6 . 
3 3 7 . 
4 1 1 0.05742187500000001
4 1 2 0.08981140136718752
4 1 3 0.11331672906875612
4 1 4 0.15372375466860833
4 1 5 0.20853931227644357
4 1 6 0.2829012657053763
4 1 7 0.43439587578666683
4 2 1 0.036093749999999994
4 2 2 0.05645288085937499
4 2 3 0.07122765827178955
4 2 4 0.09662636007741093
4 2 5 0.13108185343090734
4 2 6 0.17782365272909362
4 2 7 0.2730488362087619
4 3 1 . 
4 3 2 . 
4 3 3 . 
4 3 4 . 
4 3 5 . 
4 3 6 . 
4 3 7 . 
5 1 1 0.05742187500000001
5 1 2 0.08981140136718752
5 1 3 0.11331672906875612
5 1 4 0.15372375466860833
5 1 5 0.20853931227644357
5 1 6 0.2829012657053763
5 1 7 0.43439587578666683
5 2 1 0.036093749999999994
5 2 2 0.05645288085937499
5 2 3 0.07122765827178955
5 2 4 0.09662636007741093
5 2 5 0.13108185343090734
5 2 6 0.17782365272909362
5 2 7 0.2730488362087619
5 3 1 . 
5 3 2 . 
5 3 3 . 
5 3 4 . 
5 3 5 . 
5 3 6 . 
5 3 7 . 
6 1 1 0.05742187500000001
6 1 2 0.08981140136718752
6 1 3 0.11331672906875612
6 1 4 0.15372375466860833
6 1 5 0.20853931227644357
6 1 6 0.2829012657053763
6 1 7 0.43439587578666683
6 2 1 0.036093749999999994
6 2 2 0.05645288085937499
6 2 3 0.07122765827178955
6 2 4 0.09662636007741093
6 2 5 0.13108185343090734
6 2 6 0.17782365272909362
6 2 7 0.2730488362087619
6 3 1 . 
6 3 2 . 
6 3 3 . 
6 3 4 . 
6 3 5 . 
6 3 6 . 
6 3 7 . 
7 1 1 0.09474609375000001
7 1 2 0.1543265929222107
7 1 3 0.2621637068618147
7 1 4 0.4964524294704762
7 1 5 . 
7 1 6 . 
7 1 7 . 
7 2 1 0.05921630859375
7 2 2 0.09645412057638168
7 2 3 0.16385231678863418
7 2 4 0.3102827684190475
7 2 5 . 
7 2 6 . 
7 2 7 . 
7 3 1 . 
7 3 2 . 
7 3 3 . 
7 3 4 . 
7 3 5 . 
7 3 6 . 
7 3 7 . 
8 1 1 0.09474609375000001
8 1 2 0.1543265929222107
8 1 3 0.2621637068618147
8 1 4 0.4964524294704762
8 1 5 . 
8 1 6 . 
8 1 7 . 
8 2 1 0.05921630859375
8 2 2 0.09645412057638168
8 2 3 0.16385231678863418
8 2 4 0.3102827684190475
8 2 5 . 
8 2 6 . 
8 2 7 . 
8 3 1 . 
8 3 2 . 
8 3 3 . 
8 3 4 . 
8 3 5 . 
8 3 6 . 
8 3 7 . 
9 1 1 0.09474609375000001
9 1 2 0.1543265929222107
9 1 3 0.2621637068618147
9 1 4 0.4964524294704762
9 1 5 . 
9 1 6 . 
9 1 7 . 
9 2 1 0.05921630859375
9 2 2 0.09645412057638168
9 2 3 0.16385231678863418
9 2 4 0.3102827684190475
9 2 5 . 
9 2 6 . 
9 2 7 . 
9 3 1 . 
9 3 2 . 
9 3 3 . 
9 3 4 . 
9 3 5 . 
9 3 6 . 
9 3 7 . 
10 1 1 0.09474609375000001
10 1 2 0.1543265929222107
10 1 3 0.2621637068618147
10 1 4 0.4964524294704762
10 1 5 . 
10 1 6 . 
10 1 7 . 
10 2 1 0.05921630859375
10 2 2 0.09645412057638168
10 2 3 0.16385231678863418
10 2 4 0.3102827684190475
10 2 5 . 
10 2 6 . 
10 2 7 . 
10 3 1 . 
10 3 2 . 
10 3 3 . 
10 3 4 . 
10 3 5 . 
10 3 6 . 
10 3 7 . ;

# 21 cost per kilo
param C_kg :=
1 1 1 0.05126953125
1 1 2 0.0273858904838562
1 1 3 0.013672218615829481
1 1 4 0.004868725115490448
1 1 5 . 
1 1 6 . 
1 1 7 . 
1 2 1 0.008544921875000003
1 2 2 0.004564315080642704
1 2 3 0.0022787031026382486
1 2 4 8.114541859150757E-4
1 2 5 . 
1 2 6 . 
1 2 7 . 
1 3 1 0.003417968750000001
1 3 2 0.0018257260322570804
1 3 3 9.114812410552988E-4
1 3 4 3.245816743660299E-4
1 3 5 . 
1 3 6 . 
1 3 7 . 
2 1 1 0.05126953125
2 1 2 0.0273858904838562
2 1 3 0.013672218615829481
2 1 4 0.004868725115490448
2 1 5 . 
2 1 6 . 
2 1 7 . 
2 2 1 0.008544921875000003
2 2 2 0.004564315080642704
2 2 3 0.0022787031026382486
2 2 4 8.114541859150757E-4
2 2 5 . 
2 2 6 . 
2 2 7 . 
2 3 1 0.003417968750000001
2 3 2 0.0018257260322570804
2 3 3 9.114812410552988E-4
2 3 4 3.245816743660299E-4
2 3 5 . 
2 3 6 . 
2 3 7 . 
3 1 1 0.05126953125
3 1 2 0.0273858904838562
3 1 3 0.013672218615829481
3 1 4 0.004868725115490448
3 1 5 . 
3 1 6 . 
3 1 7 . 
3 2 1 0.008544921875000003
3 2 2 0.004564315080642704
3 2 3 0.0022787031026382486
3 2 4 8.114541859150757E-4
3 2 5 . 
3 2 6 . 
3 2 7 . 
3 3 1 0.003417968750000001
3 3 2 0.0018257260322570804
3 3 3 9.114812410552988E-4
3 3 4 3.245816743660299E-4
3 3 5 . 
3 3 6 . 
3 3 7 . 
4 1 1 0.015625000000000003
4 1 2 0.0076904296875000035
4 1 3 0.005795955657958988
4 1 4 0.003885101526975635
4 1 5 0.0026042321173008554
4 1 6 0.0017456493411282298
4 1 7 8.114541859150757E-4
4 2 1 0.00625
4 2 2 0.0030761718750000008
4 2 3 0.002318382263183594
4 2 4 0.001554040610790253
4 2 5 0.0010416928469203415
4 2 6 6.982597364512913E-4
4 2 7 3.245816743660299E-4
4 3 1 . 
4 3 2 . 
4 3 3 . 
4 3 4 . 
4 3 5 . 
4 3 6 . 
4 3 7 . 
5 1 1 0.015625000000000003
5 1 2 0.0076904296875000035
5 1 3 0.005795955657958988
5 1 4 0.003885101526975635
5 1 5 0.0026042321173008554
5 1 6 0.0017456493411282298
5 1 7 8.114541859150757E-4
5 2 1 0.00625
5 2 2 0.0030761718750000008
5 2 3 0.002318382263183594
5 2 4 0.001554040610790253
5 2 5 0.0010416928469203415
5 2 6 6.982597364512913E-4
5 2 7 3.245816743660299E-4
5 3 1 . 
5 3 2 . 
5 3 3 . 
5 3 4 . 
5 3 5 . 
5 3 6 . 
5 3 7 . 
6 1 1 0.015625000000000003
6 1 2 0.0076904296875000035
6 1 3 0.005795955657958988
6 1 4 0.003885101526975635
6 1 5 0.0026042321173008554
6 1 6 0.0017456493411282298
6 1 7 8.114541859150757E-4
6 2 1 0.00625
6 2 2 0.0030761718750000008
6 2 3 0.002318382263183594
6 2 4 0.001554040610790253
6 2 5 0.0010416928469203415
6 2 6 6.982597364512913E-4
6 2 7 3.245816743660299E-4
6 3 1 . 
6 3 2 . 
6 3 3 . 
6 3 4 . 
6 3 5 . 
6 3 6 . 
6 3 7 . 
7 1 1 0.008544921875000003
7 1 2 0.004564315080642704
7 1 3 0.0022787031026382486
7 1 4 8.114541859150757E-4
7 1 5 . 
7 1 6 . 
7 1 7 . 
7 2 1 0.003417968750000001
7 2 2 0.0018257260322570804
7 2 3 9.114812410552988E-4
7 2 4 3.245816743660299E-4
7 2 5 . 
7 2 6 . 
7 2 7 . 
7 3 1 . 
7 3 2 . 
7 3 3 . 
7 3 4 . 
7 3 5 . 
7 3 6 . 
7 3 7 . 
8 1 1 0.008544921875000003
8 1 2 0.004564315080642704
8 1 3 0.0022787031026382486
8 1 4 8.114541859150757E-4
8 1 5 . 
8 1 6 . 
8 1 7 . 
8 2 1 0.003417968750000001
8 2 2 0.0018257260322570804
8 2 3 9.114812410552988E-4
8 2 4 3.245816743660299E-4
8 2 5 . 
8 2 6 . 
8 2 7 . 
8 3 1 . 
8 3 2 . 
8 3 3 . 
8 3 4 . 
8 3 5 . 
8 3 6 . 
8 3 7 . 
9 1 1 0.008544921875000003
9 1 2 0.004564315080642704
9 1 3 0.0022787031026382486
9 1 4 8.114541859150757E-4
9 1 5 . 
9 1 6 . 
9 1 7 . 
9 2 1 0.003417968750000001
9 2 2 0.0018257260322570804
9 2 3 9.114812410552988E-4
9 2 4 3.245816743660299E-4
9 2 5 . 
9 2 6 . 
9 2 7 . 
9 3 1 . 
9 3 2 . 
9 3 3 . 
9 3 4 . 
9 3 5 . 
9 3 6 . 
9 3 7 . 
10 1 1 0.008544921875000003
10 1 2 0.004564315080642704
10 1 3 0.0022787031026382486
10 1 4 8.114541859150757E-4
10 1 5 . 
10 1 6 . 
10 1 7 . 
10 2 1 0.003417968750000001
10 2 2 0.0018257260322570804
10 2 3 9.114812410552988E-4
10 2 4 3.245816743660299E-4
10 2 5 . 
10 2 6 . 
10 2 7 . 
10 3 1 . 
10 3 2 . 
10 3 3 . 
10 3 4 . 
10 3 5 . 
10 3 6 . 
10 3 7 . ;

# 22 fixed costs
param C_fix :=
1 1 1 27.0
1 1 2 60.75
1 1 3 130.5
1 1 4 339.97499999999997
1 1 5 . 
1 1 6 . 
1 1 7 . 
1 2 1 91.125
1 2 2 205.03125
1 2 3 440.4375
1 2 4 1147.4156249999999
1 2 5 . 
1 2 6 . 
1 2 7 . 
1 3 1 461.3203125
1 3 2 1037.970703125
1 3 3 2229.71484375
1 3 4 5808.7916015625
1 3 5 . 
1 3 6 . 
1 3 7 . 
2 1 1 27.0
2 1 2 60.75
2 1 3 130.5
2 1 4 339.97499999999997
2 1 5 . 
2 1 6 . 
2 1 7 . 
2 2 1 91.125
2 2 2 205.03125
2 2 3 440.4375
2 2 4 1147.4156249999999
2 2 5 . 
2 2 6 . 
2 2 7 . 
2 3 1 461.3203125
2 3 2 1037.970703125
2 3 3 2229.71484375
2 3 4 5808.7916015625
2 3 5 . 
2 3 6 . 
2 3 7 . 
3 1 1 27.0
3 1 2 60.75
3 1 3 130.5
3 1 4 339.97499999999997
3 1 5 . 
3 1 6 . 
3 1 7 . 
3 2 1 91.125
3 2 2 205.03125
3 2 3 440.4375
3 2 4 1147.4156249999999
3 2 5 . 
3 2 6 . 
3 2 7 . 
3 3 1 461.3203125
3 3 2 1037.970703125
3 3 3 2229.71484375
3 3 4 5808.7916015625
3 3 5 . 
3 3 6 . 
3 3 7 . 
4 1 1 29.612044800000007
4 1 2 88.83613440000002
4 1 3 124.37058816000003
4 1 4 189.51708672000004
4 1 5 307.96526592000004
4 1 6 438.2582630400001
4 1 7 894.8759938560002
4 2 1 273.5844375380087
4 2 2 820.753312614026
4 2 3 1149.0546376596365
4 2 4 1750.9404002432555
4 2 5 2845.27815039529
4 2 6 4049.049675562528
4 2 7 8267.721702398621
4 3 1 . 
4 3 2 . 
4 3 3 . 
4 3 4 . 
4 3 5 . 
4 3 6 . 
4 3 7 . 
5 1 1 29.612044800000007
5 1 2 88.83613440000002
5 1 3 124.37058816000003
5 1 4 189.51708672000004
5 1 5 307.96526592000004
5 1 6 438.2582630400001
5 1 7 894.8759938560002
5 2 1 273.5844375380087
5 2 2 820.753312614026
5 2 3 1149.0546376596365
5 2 4 1750.9404002432555
5 2 5 2845.27815039529
5 2 6 4049.049675562528
5 2 7 8267.721702398621
5 3 1 . 
5 3 2 . 
5 3 3 . 
5 3 4 . 
5 3 5 . 
5 3 6 . 
5 3 7 . 
6 1 1 29.612044800000007
6 1 2 88.83613440000002
6 1 3 124.37058816000003
6 1 4 189.51708672000004
6 1 5 307.96526592000004
6 1 6 438.2582630400001
6 1 7 894.8759938560002
6 2 1 273.5844375380087
6 2 2 820.753312614026
6 2 3 1149.0546376596365
6 2 4 1750.9404002432555
6 2 5 2845.27815039529
6 2 6 4049.049675562528
6 2 7 8267.721702398621
6 3 1 . 
6 3 2 . 
6 3 3 . 
6 3 4 . 
6 3 5 . 
6 3 6 . 
6 3 7 . 
7 1 1 86.80737791999998
7 1 2 195.31660031999994
7 1 3 419.56899327999986
7 1 4 1093.0495669759996
7 1 5 . 
7 1 6 . 
7 1 7 . 
7 2 1 1029.8545177172455
7 2 2 2317.1726648638028
7 2 3 4977.630168966687
7 2 4 12967.584802256317
7 2 5 . 
7 2 6 . 
7 2 7 . 
7 3 1 . 
7 3 2 . 
7 3 3 . 
7 3 4 . 
7 3 5 . 
7 3 6 . 
7 3 7 . 
8 1 1 86.80737791999998
8 1 2 195.31660031999994
8 1 3 419.56899327999986
8 1 4 1093.0495669759996
8 1 5 . 
8 1 6 . 
8 1 7 . 
8 2 1 1029.8545177172455
8 2 2 2317.1726648638028
8 2 3 4977.630168966687
8 2 4 12967.584802256317
8 2 5 . 
8 2 6 . 
8 2 7 . 
8 3 1 . 
8 3 2 . 
8 3 3 . 
8 3 4 . 
8 3 5 . 
8 3 6 . 
8 3 7 . 
9 1 1 86.80737791999998
9 1 2 195.31660031999994
9 1 3 419.56899327999986
9 1 4 1093.0495669759996
9 1 5 . 
9 1 6 . 
9 1 7 . 
9 2 1 1029.8545177172455
9 2 2 2317.1726648638028
9 2 3 4977.630168966687
9 2 4 12967.584802256317
9 2 5 . 
9 2 6 . 
9 2 7 . 
9 3 1 . 
9 3 2 . 
9 3 3 . 
9 3 4 . 
9 3 5 . 
9 3 6 . 
9 3 7 . 
10 1 1 86.80737791999998
10 1 2 195.31660031999994
10 1 3 419.56899327999986
10 1 4 1093.0495669759996
10 1 5 . 
10 1 6 . 
10 1 7 . 
10 2 1 1029.8545177172455
10 2 2 2317.1726648638028
10 2 3 4977.630168966687
10 2 4 12967.584802256317
10 2 5 . 
10 2 6 . 
10 2 7 . 
10 3 1 . 
10 3 2 . 
10 3 3 . 
10 3 4 . 
10 3 5 . 
10 3 6 . 
10 3 7 . ;

# 23 stopping costs
param C_stop_2 :=
1 1 28.0
1 2 23.0
1 3 20.0
1 4 28.0
1 5 24.0
1 6 25.0
1 7 28.0
1 8 28.0
1 9 21.0
1 10 27.0
1 11 21.0
2 1 28.0
2 2 23.0
2 3 20.0
2 4 28.0
2 5 24.0
2 6 25.0
2 7 28.0
2 8 28.0
2 9 21.0
2 10 27.0
2 11 21.0
3 1 28.0
3 2 23.0
3 3 20.0
3 4 28.0
3 5 24.0
3 6 25.0
3 7 28.0
3 8 28.0
3 9 21.0
3 10 27.0
3 11 21.0
4 1 42.0
4 2 34.5
4 3 30.0
4 4 42.0
4 5 36.0
4 6 37.5
4 7 42.0
4 8 42.0
4 9 31.5
4 10 40.5
4 11 31.5
5 1 42.0
5 2 34.5
5 3 30.0
5 4 42.0
5 5 36.0
5 6 37.5
5 7 42.0
5 8 42.0
5 9 31.5
5 10 40.5
5 11 31.5
6 1 42.0
6 2 34.5
6 3 30.0
6 4 42.0
6 5 36.0
6 6 37.5
6 7 42.0
6 8 42.0
6 9 31.5
6 10 40.5
6 11 31.5
7 1 56.0
7 2 46.0
7 3 40.0
7 4 56.0
7 5 48.0
7 6 50.0
7 7 56.0
7 8 56.0
7 9 42.0
7 10 54.0
7 11 42.0
8 1 56.0
8 2 46.0
8 3 40.0
8 4 56.0
8 5 48.0
8 6 50.0
8 7 56.0
8 8 56.0
8 9 42.0
8 10 54.0
8 11 42.0
9 1 56.0
9 2 46.0
9 3 40.0
9 4 56.0
9 5 48.0
9 6 50.0
9 7 56.0
9 8 56.0
9 9 42.0
9 10 54.0
9 11 42.0
10 1 56.0
10 2 46.0
10 3 40.0
10 4 56.0
10 5 48.0
10 6 50.0
10 7 56.0
10 8 56.0
10 9 42.0
10 10 54.0
10 11 42.0 ;

# 24 cost of no transport
param C_2 :=
1 116347.06338944608
2 76327.37392251333
3 67480.98205643197
4 280407.8910053098
5 38024.91538121032
6 220902.6662347063
7 44523.60402947552
8 85913.67518819807
9 44074.95819882322
10 21779.684315877057
11 56719.545199566695
12 81363.11928718514
13 69994.73327305198
14 52799.66075106157
15 74961.41635170899
16 68459.04934856307
17 45569.69920297346
18 29882.915462679706
19 54235.70775015638
20 107768.17287238548 ;

# 25 timewindow amounts at location
param pi_2 :=
1 4
2 4
3 4
4 3
5 4
6 3
7 4
8 4
9 4
10 3
11 4 ;

# 26 timewindow lower bounds
param T_l_2 :=
1 1 120.0
1 2 360.0
1 3 1560.0
1 4 1860.0
2 1 0.0
2 2 1440.0
2 3 2880.0
2 4 4320.0
3 1 120.0
3 2 1560.0
3 3 3000.0
3 4 4440.0
4 1 0.0
4 2 1440.0
4 3 2880.0
4 4 . 
5 1 120.0
5 2 1560.0
5 3 3000.0
5 4 4440.0
6 1 60.0
6 2 1500.0
6 3 2940.0
6 4 . 
7 1 60.0
7 2 1500.0
7 3 2940.0
7 4 4380.0
8 1 60.0
8 2 1500.0
8 3 2940.0
8 4 4380.0
9 1 0.0
9 2 360.0
9 3 1440.0
9 4 1740.0
10 1 120.0
10 2 1560.0
10 3 3000.0
10 4 . 
11 1 120.0
11 2 1560.0
11 3 3000.0
11 4 4440.0 ;

# 27 timewindow upper bounds
param T_u_2 :=
1 1 300.0
1 2 660.0
1 3 1740.0
1 4 2160.0
2 1 240.0
2 2 1740.0
2 3 3180.0
2 4 4620.0
3 1 360.0
3 2 1800.0
3 3 3240.0
3 4 4680.0
4 1 240.0
4 2 1740.0
4 3 3180.0
4 4 . 
5 1 420.0
5 2 1860.0
5 3 3300.0
5 4 4740.0
6 1 240.0
6 2 1680.0
6 3 3120.0
6 4 . 
7 1 240.0
7 2 1740.0
7 3 3180.0
7 4 4620.0
8 1 300.0
8 2 1740.0
8 3 3180.0
8 4 4620.0
9 1 240.0
9 2 600.0
9 3 1680.0
9 4 1980.0
10 1 300.0
10 2 1800.0
10 3 3240.0
10 4 . 
11 1 300.0
11 2 1740.0
11 3 3180.0
11 4 4620.0 ;

# 28 Travel time
param T_2 :=
1 1 1 . 
1 1 2 442.314363265608
1 1 3 827.623445723423
1 1 4 545.3087327523508
1 1 5 322.07417580884015
1 1 6 241.70488203592413
1 1 7 467.0623551818329
1 1 8 744.349874882124
1 1 9 1.8027756377319943
1 1 10 696.5350900135933
1 1 11 1.414213562373095
1 2 1 442.314363265608
1 2 2 . 
1 2 3 429.8848582710976
1 2 4 545.1746403855586
1 2 5 257.23796041628634
1 2 6 496.53067369217746
1 2 7 404.9666652420434
1 2 8 444.7502843061701
1 2 9 463.63615682419123
1 2 10 406.58815607405586
1 2 11 509.56407157348394
1 3 1 827.623445723423
1 3 2 429.8848582710976
1 3 3 . 
1 3 4 688.6318736674233
1 3 5 496.7313740215954
1 3 6 648.0843743178764
1 3 7 865.0455044783553
1 3 8 1.0
1 3 9 804.8467805850152
1 3 10 1.4999999999999998
1 3 11 844.5864143301116
1 4 1 545.3087327523508
1 4 2 545.1746403855586
1 4 3 688.6318736674233
1 4 4 . 
1 4 5 613.4638903671961
1 4 6 881.1107102842199
1 4 7 1.118033988749895
1 4 8 867.6279077917083
1 4 9 561.9194746798116
1 4 10 835.1378449309946
1 4 11 589.6021207310396
1 5 1 322.07417580884015
1 5 2 257.23796041628634
1 5 3 496.7313740215954
1 5 4 613.4638903671961
1 5 5 . 
1 5 6 272.5632810013035
1 5 7 511.712341936712
1 5 8 604.3227374629355
1 5 9 319.29950880016105
1 5 10 480.84695751939563
1 5 11 309.561601232766
1 6 1 241.70488203592413
1 6 2 496.53067369217746
1 6 3 648.0843743178764
1 6 4 881.1107102842199
1 6 5 272.5632810013035
1 6 6 . 
1 6 7 660.6172683722665
1 6 8 728.5237250487232
1 6 9 314.7509086171847
1 6 10 793.4277256688304
1 6 11 283.38354768993656
1 7 1 467.0623551818329
1 7 2 404.9666652420434
1 7 3 865.0455044783553
1 7 4 1.118033988749895
1 7 5 511.712341936712
1 7 6 660.6172683722665
1 7 7 . 
1 7 8 870.0416653574646
1 7 9 605.6698213281401
1 7 10 682.551284912837
1 7 11 468.35467959908294
1 8 1 744.349874882124
1 8 2 444.7502843061701
1 8 3 1.0
1 8 4 867.6279077917083
1 8 5 604.3227374629355
1 8 6 728.5237250487232
1 8 7 870.0416653574646
1 8 8 . 
1 8 9 958.5729052253296
1 8 10 2.5
1 8 11 836.3114317926259
1 9 1 1.8027756377319943
1 9 2 463.63615682419123
1 9 3 804.8467805850152
1 9 4 561.9194746798116
1 9 5 319.29950880016105
1 9 6 314.7509086171847
1 9 7 605.6698213281401
1 9 8 958.5729052253296
1 9 9 . 
1 9 10 760.7588861983488
1 9 11 2.06155281280883
1 10 1 696.5350900135933
1 10 2 406.58815607405586
1 10 3 1.4999999999999998
1 10 4 835.1378449309946
1 10 5 480.84695751939563
1 10 6 793.4277256688304
1 10 7 682.551284912837
1 10 8 2.5
1 10 9 760.7588861983488
1 10 10 . 
1 10 11 841.5001818181578
1 11 1 1.414213562373095
1 11 2 509.56407157348394
1 11 3 844.5864143301116
1 11 4 589.6021207310396
1 11 5 309.561601232766
1 11 6 283.38354768993656
1 11 7 468.35467959908294
1 11 8 836.3114317926259
1 11 9 2.06155281280883
1 11 10 841.5001818181578
1 11 11 . 
2 1 1 . 
2 1 2 442.314363265608
2 1 3 827.623445723423
2 1 4 545.3087327523508
2 1 5 322.07417580884015
2 1 6 241.70488203592413
2 1 7 467.0623551818329
2 1 8 744.349874882124
2 1 9 1.8027756377319943
2 1 10 696.5350900135933
2 1 11 1.414213562373095
2 2 1 442.314363265608
2 2 2 . 
2 2 3 429.8848582710976
2 2 4 545.1746403855586
2 2 5 257.23796041628634
2 2 6 496.53067369217746
2 2 7 404.9666652420434
2 2 8 444.7502843061701
2 2 9 463.63615682419123
2 2 10 406.58815607405586
2 2 11 509.56407157348394
2 3 1 827.623445723423
2 3 2 429.8848582710976
2 3 3 . 
2 3 4 688.6318736674233
2 3 5 496.7313740215954
2 3 6 648.0843743178764
2 3 7 865.0455044783553
2 3 8 1.0
2 3 9 804.8467805850152
2 3 10 1.4999999999999998
2 3 11 844.5864143301116
2 4 1 545.3087327523508
2 4 2 545.1746403855586
2 4 3 688.6318736674233
2 4 4 . 
2 4 5 613.4638903671961
2 4 6 881.1107102842199
2 4 7 1.118033988749895
2 4 8 867.6279077917083
2 4 9 561.9194746798116
2 4 10 835.1378449309946
2 4 11 589.6021207310396
2 5 1 322.07417580884015
2 5 2 257.23796041628634
2 5 3 496.7313740215954
2 5 4 613.4638903671961
2 5 5 . 
2 5 6 272.5632810013035
2 5 7 511.712341936712
2 5 8 604.3227374629355
2 5 9 319.29950880016105
2 5 10 480.84695751939563
2 5 11 309.561601232766
2 6 1 241.70488203592413
2 6 2 496.53067369217746
2 6 3 648.0843743178764
2 6 4 881.1107102842199
2 6 5 272.5632810013035
2 6 6 . 
2 6 7 660.6172683722665
2 6 8 728.5237250487232
2 6 9 314.7509086171847
2 6 10 793.4277256688304
2 6 11 283.38354768993656
2 7 1 467.0623551818329
2 7 2 404.9666652420434
2 7 3 865.0455044783553
2 7 4 1.118033988749895
2 7 5 511.712341936712
2 7 6 660.6172683722665
2 7 7 . 
2 7 8 870.0416653574646
2 7 9 605.6698213281401
2 7 10 682.551284912837
2 7 11 468.35467959908294
2 8 1 744.349874882124
2 8 2 444.7502843061701
2 8 3 1.0
2 8 4 867.6279077917083
2 8 5 604.3227374629355
2 8 6 728.5237250487232
2 8 7 870.0416653574646
2 8 8 . 
2 8 9 958.5729052253296
2 8 10 2.5
2 8 11 836.3114317926259
2 9 1 1.8027756377319943
2 9 2 463.63615682419123
2 9 3 804.8467805850152
2 9 4 561.9194746798116
2 9 5 319.29950880016105
2 9 6 314.7509086171847
2 9 7 605.6698213281401
2 9 8 958.5729052253296
2 9 9 . 
2 9 10 760.7588861983488
2 9 11 2.06155281280883
2 10 1 696.5350900135933
2 10 2 406.58815607405586
2 10 3 1.4999999999999998
2 10 4 835.1378449309946
2 10 5 480.84695751939563
2 10 6 793.4277256688304
2 10 7 682.551284912837
2 10 8 2.5
2 10 9 760.7588861983488
2 10 10 . 
2 10 11 841.5001818181578
2 11 1 1.414213562373095
2 11 2 509.56407157348394
2 11 3 844.5864143301116
2 11 4 589.6021207310396
2 11 5 309.561601232766
2 11 6 283.38354768993656
2 11 7 468.35467959908294
2 11 8 836.3114317926259
2 11 9 2.06155281280883
2 11 10 841.5001818181578
2 11 11 . 
3 1 1 . 
3 1 2 442.314363265608
3 1 3 827.623445723423
3 1 4 545.3087327523508
3 1 5 322.07417580884015
3 1 6 241.70488203592413
3 1 7 467.0623551818329
3 1 8 744.349874882124
3 1 9 1.8027756377319943
3 1 10 696.5350900135933
3 1 11 1.414213562373095
3 2 1 442.314363265608
3 2 2 . 
3 2 3 429.8848582710976
3 2 4 545.1746403855586
3 2 5 257.23796041628634
3 2 6 496.53067369217746
3 2 7 404.9666652420434
3 2 8 444.7502843061701
3 2 9 463.63615682419123
3 2 10 406.58815607405586
3 2 11 509.56407157348394
3 3 1 827.623445723423
3 3 2 429.8848582710976
3 3 3 . 
3 3 4 688.6318736674233
3 3 5 496.7313740215954
3 3 6 648.0843743178764
3 3 7 865.0455044783553
3 3 8 1.0
3 3 9 804.8467805850152
3 3 10 1.4999999999999998
3 3 11 844.5864143301116
3 4 1 545.3087327523508
3 4 2 545.1746403855586
3 4 3 688.6318736674233
3 4 4 . 
3 4 5 613.4638903671961
3 4 6 881.1107102842199
3 4 7 1.118033988749895
3 4 8 867.6279077917083
3 4 9 561.9194746798116
3 4 10 835.1378449309946
3 4 11 589.6021207310396
3 5 1 322.07417580884015
3 5 2 257.23796041628634
3 5 3 496.7313740215954
3 5 4 613.4638903671961
3 5 5 . 
3 5 6 272.5632810013035
3 5 7 511.712341936712
3 5 8 604.3227374629355
3 5 9 319.29950880016105
3 5 10 480.84695751939563
3 5 11 309.561601232766
3 6 1 241.70488203592413
3 6 2 496.53067369217746
3 6 3 648.0843743178764
3 6 4 881.1107102842199
3 6 5 272.5632810013035
3 6 6 . 
3 6 7 660.6172683722665
3 6 8 728.5237250487232
3 6 9 314.7509086171847
3 6 10 793.4277256688304
3 6 11 283.38354768993656
3 7 1 467.0623551818329
3 7 2 404.9666652420434
3 7 3 865.0455044783553
3 7 4 1.118033988749895
3 7 5 511.712341936712
3 7 6 660.6172683722665
3 7 7 . 
3 7 8 870.0416653574646
3 7 9 605.6698213281401
3 7 10 682.551284912837
3 7 11 468.35467959908294
3 8 1 744.349874882124
3 8 2 444.7502843061701
3 8 3 1.0
3 8 4 867.6279077917083
3 8 5 604.3227374629355
3 8 6 728.5237250487232
3 8 7 870.0416653574646
3 8 8 . 
3 8 9 958.5729052253296
3 8 10 2.5
3 8 11 836.3114317926259
3 9 1 1.8027756377319943
3 9 2 463.63615682419123
3 9 3 804.8467805850152
3 9 4 561.9194746798116
3 9 5 319.29950880016105
3 9 6 314.7509086171847
3 9 7 605.6698213281401
3 9 8 958.5729052253296
3 9 9 . 
3 9 10 760.7588861983488
3 9 11 2.06155281280883
3 10 1 696.5350900135933
3 10 2 406.58815607405586
3 10 3 1.4999999999999998
3 10 4 835.1378449309946
3 10 5 480.84695751939563
3 10 6 793.4277256688304
3 10 7 682.551284912837
3 10 8 2.5
3 10 9 760.7588861983488
3 10 10 . 
3 10 11 841.5001818181578
3 11 1 1.414213562373095
3 11 2 509.56407157348394
3 11 3 844.5864143301116
3 11 4 589.6021207310396
3 11 5 309.561601232766
3 11 6 283.38354768993656
3 11 7 468.35467959908294
3 11 8 836.3114317926259
3 11 9 2.06155281280883
3 11 10 841.5001818181578
3 11 11 . 
4 1 1 . 
4 1 2 453.37222234724817
4 1 3 848.3140318665085
4 1 4 558.9414510711596
4 1 5 330.1260302040611
4 1 6 247.7475040868222
4 1 7 478.7389140613787
4 1 8 762.9586217541771
4 1 9 1.847845028675294
4 1 10 713.948467263933
4 1 11 1.4495689014324222
4 2 1 453.37222234724817
4 2 2 . 
4 2 3 440.631979727875
4 2 4 558.8040063951976
4 2 5 263.66890942669346
4 2 6 508.94394053448184
4 2 7 415.09083187309443
4 2 8 455.86904141382433
4 2 9 475.22706074479595
4 2 10 416.7528599759072
4 2 11 522.303173362821
4 3 1 848.3140318665085
4 3 2 440.631979727875
4 3 3 . 
4 3 4 705.8476705091089
4 3 5 509.14965837213526
4 3 6 664.2864836758232
4 3 7 886.6716420903141
4 3 8 1.025
4 3 9 824.9679500996405
4 3 10 1.5374999999999996
4 3 11 865.7010746883643
4 4 1 558.9414510711596
4 4 2 558.8040063951976
4 4 3 705.8476705091089
4 4 4 . 
4 4 5 628.8004876263759
4 4 6 903.1384780413252
4 4 7 1.1459848384686422
4 4 8 889.3186054865009
4 4 9 575.9674615468068
4 4 10 856.0162910542693
4 4 11 604.3421737493155
4 5 1 330.1260302040611
4 5 2 263.66890942669346
4 5 3 509.14965837213526
4 5 4 628.8004876263759
4 5 5 . 
4 5 6 279.37736302633607
4 5 7 524.5051504851298
4 5 8 619.4308058995089
4 5 9 327.281996520165
4 5 10 492.86813145738046
4 5 11 317.30064126358513
4 6 1 247.7475040868222
4 6 2 508.94394053448184
4 6 3 664.2864836758232
4 6 4 903.1384780413252
4 6 5 279.37736302633607
4 6 6 . 
4 6 7 677.1327000815731
4 6 8 746.7368181749413
4 6 9 322.6196813326143
4 6 10 813.263418810551
4 6 11 290.468136382185
4 7 1 478.7389140613787
4 7 2 415.09083187309443
4 7 3 886.6716420903141
4 7 4 1.1459848384686422
4 7 5 524.5051504851298
4 7 6 677.1327000815731
4 7 7 . 
4 7 8 891.7927069914011
4 7 9 620.8115668613435
4 7 10 699.6150670356578
4 7 11 480.06354658905997
4 8 1 762.9586217541771
4 8 2 455.86904141382433
4 8 3 1.025
4 8 4 889.3186054865009
4 8 5 619.4308058995089
4 8 6 746.7368181749413
4 8 7 891.7927069914011
4 8 8 . 
4 8 9 982.5372278559628
4 8 10 2.5625
4 8 11 857.2192175874414
4 9 1 1.847845028675294
4 9 2 475.22706074479595
4 9 3 824.9679500996405
4 9 4 575.9674615468068
4 9 5 327.281996520165
4 9 6 322.6196813326143
4 9 7 620.8115668613435
4 9 8 982.5372278559628
4 9 9 . 
4 9 10 779.7778583533075
4 9 11 2.1130916331290504
4 10 1 713.948467263933
4 10 2 416.7528599759072
4 10 3 1.5374999999999996
4 10 4 856.0162910542693
4 10 5 492.86813145738046
4 10 6 813.263418810551
4 10 7 699.6150670356578
4 10 8 2.5625
4 10 9 779.7778583533075
4 10 10 . 
4 10 11 862.5376863636117
4 11 1 1.4495689014324222
4 11 2 522.303173362821
4 11 3 865.7010746883643
4 11 4 604.3421737493155
4 11 5 317.30064126358513
4 11 6 290.468136382185
4 11 7 480.06354658905997
4 11 8 857.2192175874414
4 11 9 2.1130916331290504
4 11 10 862.5376863636117
4 11 11 . 
5 1 1 . 
5 1 2 453.37222234724817
5 1 3 848.3140318665085
5 1 4 558.9414510711596
5 1 5 330.1260302040611
5 1 6 247.7475040868222
5 1 7 478.7389140613787
5 1 8 762.9586217541771
5 1 9 1.847845028675294
5 1 10 713.948467263933
5 1 11 1.4495689014324222
5 2 1 453.37222234724817
5 2 2 . 
5 2 3 440.631979727875
5 2 4 558.8040063951976
5 2 5 263.66890942669346
5 2 6 508.94394053448184
5 2 7 415.09083187309443
5 2 8 455.86904141382433
5 2 9 475.22706074479595
5 2 10 416.7528599759072
5 2 11 522.303173362821
5 3 1 848.3140318665085
5 3 2 440.631979727875
5 3 3 . 
5 3 4 705.8476705091089
5 3 5 509.14965837213526
5 3 6 664.2864836758232
5 3 7 886.6716420903141
5 3 8 1.025
5 3 9 824.9679500996405
5 3 10 1.5374999999999996
5 3 11 865.7010746883643
5 4 1 558.9414510711596
5 4 2 558.8040063951976
5 4 3 705.8476705091089
5 4 4 . 
5 4 5 628.8004876263759
5 4 6 903.1384780413252
5 4 7 1.1459848384686422
5 4 8 889.3186054865009
5 4 9 575.9674615468068
5 4 10 856.0162910542693
5 4 11 604.3421737493155
5 5 1 330.1260302040611
5 5 2 263.66890942669346
5 5 3 509.14965837213526
5 5 4 628.8004876263759
5 5 5 . 
5 5 6 279.37736302633607
5 5 7 524.5051504851298
5 5 8 619.4308058995089
5 5 9 327.281996520165
5 5 10 492.86813145738046
5 5 11 317.30064126358513
5 6 1 247.7475040868222
5 6 2 508.94394053448184
5 6 3 664.2864836758232
5 6 4 903.1384780413252
5 6 5 279.37736302633607
5 6 6 . 
5 6 7 677.1327000815731
5 6 8 746.7368181749413
5 6 9 322.6196813326143
5 6 10 813.263418810551
5 6 11 290.468136382185
5 7 1 478.7389140613787
5 7 2 415.09083187309443
5 7 3 886.6716420903141
5 7 4 1.1459848384686422
5 7 5 524.5051504851298
5 7 6 677.1327000815731
5 7 7 . 
5 7 8 891.7927069914011
5 7 9 620.8115668613435
5 7 10 699.6150670356578
5 7 11 480.06354658905997
5 8 1 762.9586217541771
5 8 2 455.86904141382433
5 8 3 1.025
5 8 4 889.3186054865009
5 8 5 619.4308058995089
5 8 6 746.7368181749413
5 8 7 891.7927069914011
5 8 8 . 
5 8 9 982.5372278559628
5 8 10 2.5625
5 8 11 857.2192175874414
5 9 1 1.847845028675294
5 9 2 475.22706074479595
5 9 3 824.9679500996405
5 9 4 575.9674615468068
5 9 5 327.281996520165
5 9 6 322.6196813326143
5 9 7 620.8115668613435
5 9 8 982.5372278559628
5 9 9 . 
5 9 10 779.7778583533075
5 9 11 2.1130916331290504
5 10 1 713.948467263933
5 10 2 416.7528599759072
5 10 3 1.5374999999999996
5 10 4 856.0162910542693
5 10 5 492.86813145738046
5 10 6 813.263418810551
5 10 7 699.6150670356578
5 10 8 2.5625
5 10 9 779.7778583533075
5 10 10 . 
5 10 11 862.5376863636117
5 11 1 1.4495689014324222
5 11 2 522.303173362821
5 11 3 865.7010746883643
5 11 4 604.3421737493155
5 11 5 317.30064126358513
5 11 6 290.468136382185
5 11 7 480.06354658905997
5 11 8 857.2192175874414
5 11 9 2.1130916331290504
5 11 10 862.5376863636117
5 11 11 . 
6 1 1 . 
6 1 2 453.37222234724817
6 1 3 848.3140318665085
6 1 4 558.9414510711596
6 1 5 330.1260302040611
6 1 6 247.7475040868222
6 1 7 478.7389140613787
6 1 8 762.9586217541771
6 1 9 1.847845028675294
6 1 10 713.948467263933
6 1 11 1.4495689014324222
6 2 1 453.37222234724817
6 2 2 . 
6 2 3 440.631979727875
6 2 4 558.8040063951976
6 2 5 263.66890942669346
6 2 6 508.94394053448184
6 2 7 415.09083187309443
6 2 8 455.86904141382433
6 2 9 475.22706074479595
6 2 10 416.7528599759072
6 2 11 522.303173362821
6 3 1 848.3140318665085
6 3 2 440.631979727875
6 3 3 . 
6 3 4 705.8476705091089
6 3 5 509.14965837213526
6 3 6 664.2864836758232
6 3 7 886.6716420903141
6 3 8 1.025
6 3 9 824.9679500996405
6 3 10 1.5374999999999996
6 3 11 865.7010746883643
6 4 1 558.9414510711596
6 4 2 558.8040063951976
6 4 3 705.8476705091089
6 4 4 . 
6 4 5 628.8004876263759
6 4 6 903.1384780413252
6 4 7 1.1459848384686422
6 4 8 889.3186054865009
6 4 9 575.9674615468068
6 4 10 856.0162910542693
6 4 11 604.3421737493155
6 5 1 330.1260302040611
6 5 2 263.66890942669346
6 5 3 509.14965837213526
6 5 4 628.8004876263759
6 5 5 . 
6 5 6 279.37736302633607
6 5 7 524.5051504851298
6 5 8 619.4308058995089
6 5 9 327.281996520165
6 5 10 492.86813145738046
6 5 11 317.30064126358513
6 6 1 247.7475040868222
6 6 2 508.94394053448184
6 6 3 664.2864836758232
6 6 4 903.1384780413252
6 6 5 279.37736302633607
6 6 6 . 
6 6 7 677.1327000815731
6 6 8 746.7368181749413
6 6 9 322.6196813326143
6 6 10 813.263418810551
6 6 11 290.468136382185
6 7 1 478.7389140613787
6 7 2 415.09083187309443
6 7 3 886.6716420903141
6 7 4 1.1459848384686422
6 7 5 524.5051504851298
6 7 6 677.1327000815731
6 7 7 . 
6 7 8 891.7927069914011
6 7 9 620.8115668613435
6 7 10 699.6150670356578
6 7 11 480.06354658905997
6 8 1 762.9586217541771
6 8 2 455.86904141382433
6 8 3 1.025
6 8 4 889.3186054865009
6 8 5 619.4308058995089
6 8 6 746.7368181749413
6 8 7 891.7927069914011
6 8 8 . 
6 8 9 982.5372278559628
6 8 10 2.5625
6 8 11 857.2192175874414
6 9 1 1.847845028675294
6 9 2 475.22706074479595
6 9 3 824.9679500996405
6 9 4 575.9674615468068
6 9 5 327.281996520165
6 9 6 322.6196813326143
6 9 7 620.8115668613435
6 9 8 982.5372278559628
6 9 9 . 
6 9 10 779.7778583533075
6 9 11 2.1130916331290504
6 10 1 713.948467263933
6 10 2 416.7528599759072
6 10 3 1.5374999999999996
6 10 4 856.0162910542693
6 10 5 492.86813145738046
6 10 6 813.263418810551
6 10 7 699.6150670356578
6 10 8 2.5625
6 10 9 779.7778583533075
6 10 10 . 
6 10 11 862.5376863636117
6 11 1 1.4495689014324222
6 11 2 522.303173362821
6 11 3 865.7010746883643
6 11 4 604.3421737493155
6 11 5 317.30064126358513
6 11 6 290.468136382185
6 11 7 480.06354658905997
6 11 8 857.2192175874414
6 11 9 2.1130916331290504
6 11 10 862.5376863636117
6 11 11 . 
7 1 1 . 
7 1 2 464.4300814288884
7 1 3 869.0046180095941
7 1 4 572.5741693899683
7 1 5 338.17788459928215
7 1 6 253.79012613772034
7 1 7 490.4154729409246
7 1 8 781.5673686262303
7 1 9 1.892914419618594
7 1 10 731.361844514273
7 1 11 1.4849242404917498
7 2 1 464.4300814288884
7 2 2 . 
7 2 3 451.3791011846525
7 2 4 572.4333724048366
7 2 5 270.0998584371007
7 2 6 521.3572073767864
7 2 7 425.21499850414557
7 2 8 466.9877985214786
7 2 9 486.81796466540084
7 2 10 426.91756387775865
7 2 11 535.0422751521581
7 3 1 869.0046180095941
7 3 2 451.3791011846525
7 3 3 . 
7 3 4 723.0634673507944
7 3 5 521.5679427226752
7 3 6 680.4885930337703
7 3 7 908.297779702273
7 3 8 1.05
7 3 9 845.089119614266
7 3 10 1.5749999999999997
7 3 11 886.8157350466172
7 4 1 572.5741693899683
7 4 2 572.4333724048366
7 4 3 723.0634673507944
7 4 4 . 
7 4 5 644.137084885556
7 4 6 925.1662457984309
7 4 7 1.1739356881873897
7 4 8 911.0093031812937
7 4 9 590.0154484138022
7 4 10 876.8947371775444
7 4 11 619.0822267675916
7 5 1 338.17788459928215
7 5 2 270.0998584371007
7 5 3 521.5679427226752
7 5 4 644.137084885556
7 5 5 . 
7 5 6 286.1914450513687
7 5 7 537.2979590335476
7 5 8 634.5388743360822
7 5 9 335.2644842401691
7 5 10 504.88930539536545
7 5 11 325.0396812944043
7 6 1 253.79012613772034
7 6 2 521.3572073767864
7 6 3 680.4885930337703
7 6 4 925.1662457984309
7 6 5 286.1914450513687
7 6 6 . 
7 6 7 693.6481317908798
7 6 8 764.9499113011594
7 6 9 330.48845404804393
7 6 10 833.0991119522719
7 6 11 297.5527250744334
7 7 1 490.4154729409246
7 7 2 425.21499850414557
7 7 3 908.297779702273
7 7 4 1.1739356881873897
7 7 5 537.2979590335476
7 7 6 693.6481317908798
7 7 7 . 
7 7 8 913.5437486253378
7 7 9 635.9533123945471
7 7 10 716.6788491584789
7 7 11 491.7724135790371
7 8 1 781.5673686262303
7 8 2 466.9877985214786
7 8 3 1.05
7 8 4 911.0093031812937
7 8 5 634.5388743360822
7 8 6 764.9499113011594
7 8 7 913.5437486253378
7 8 8 . 
7 8 9 1006.5015504865961
7 8 10 2.625
7 8 11 878.1270033822572
7 9 1 1.892914419618594
7 9 2 486.81796466540084
7 9 3 845.089119614266
7 9 4 590.0154484138022
7 9 5 335.2644842401691
7 9 6 330.48845404804393
7 9 7 635.9533123945471
7 9 8 1006.5015504865961
7 9 9 . 
7 9 10 798.7968305082663
7 9 11 2.1646304534492713
7 10 1 731.361844514273
7 10 2 426.91756387775865
7 10 3 1.5749999999999997
7 10 4 876.8947371775444
7 10 5 504.88930539536545
7 10 6 833.0991119522719
7 10 7 716.6788491584789
7 10 8 2.625
7 10 9 798.7968305082663
7 10 10 . 
7 10 11 883.5751909090657
7 11 1 1.4849242404917498
7 11 2 535.0422751521581
7 11 3 886.8157350466172
7 11 4 619.0822267675916
7 11 5 325.0396812944043
7 11 6 297.5527250744334
7 11 7 491.7724135790371
7 11 8 878.1270033822572
7 11 9 2.1646304534492713
7 11 10 883.5751909090657
7 11 11 . 
8 1 1 . 
8 1 2 464.4300814288884
8 1 3 869.0046180095941
8 1 4 572.5741693899683
8 1 5 338.17788459928215
8 1 6 253.79012613772034
8 1 7 490.4154729409246
8 1 8 781.5673686262303
8 1 9 1.892914419618594
8 1 10 731.361844514273
8 1 11 1.4849242404917498
8 2 1 464.4300814288884
8 2 2 . 
8 2 3 451.3791011846525
8 2 4 572.4333724048366
8 2 5 270.0998584371007
8 2 6 521.3572073767864
8 2 7 425.21499850414557
8 2 8 466.9877985214786
8 2 9 486.81796466540084
8 2 10 426.91756387775865
8 2 11 535.0422751521581
8 3 1 869.0046180095941
8 3 2 451.3791011846525
8 3 3 . 
8 3 4 723.0634673507944
8 3 5 521.5679427226752
8 3 6 680.4885930337703
8 3 7 908.297779702273
8 3 8 1.05
8 3 9 845.089119614266
8 3 10 1.5749999999999997
8 3 11 886.8157350466172
8 4 1 572.5741693899683
8 4 2 572.4333724048366
8 4 3 723.0634673507944
8 4 4 . 
8 4 5 644.137084885556
8 4 6 925.1662457984309
8 4 7 1.1739356881873897
8 4 8 911.0093031812937
8 4 9 590.0154484138022
8 4 10 876.8947371775444
8 4 11 619.0822267675916
8 5 1 338.17788459928215
8 5 2 270.0998584371007
8 5 3 521.5679427226752
8 5 4 644.137084885556
8 5 5 . 
8 5 6 286.1914450513687
8 5 7 537.2979590335476
8 5 8 634.5388743360822
8 5 9 335.2644842401691
8 5 10 504.88930539536545
8 5 11 325.0396812944043
8 6 1 253.79012613772034
8 6 2 521.3572073767864
8 6 3 680.4885930337703
8 6 4 925.1662457984309
8 6 5 286.1914450513687
8 6 6 . 
8 6 7 693.6481317908798
8 6 8 764.9499113011594
8 6 9 330.48845404804393
8 6 10 833.0991119522719
8 6 11 297.5527250744334
8 7 1 490.4154729409246
8 7 2 425.21499850414557
8 7 3 908.297779702273
8 7 4 1.1739356881873897
8 7 5 537.2979590335476
8 7 6 693.6481317908798
8 7 7 . 
8 7 8 913.5437486253378
8 7 9 635.9533123945471
8 7 10 716.6788491584789
8 7 11 491.7724135790371
8 8 1 781.5673686262303
8 8 2 466.9877985214786
8 8 3 1.05
8 8 4 911.0093031812937
8 8 5 634.5388743360822
8 8 6 764.9499113011594
8 8 7 913.5437486253378
8 8 8 . 
8 8 9 1006.5015504865961
8 8 10 2.625
8 8 11 878.1270033822572
8 9 1 1.892914419618594
8 9 2 486.81796466540084
8 9 3 845.089119614266
8 9 4 590.0154484138022
8 9 5 335.2644842401691
8 9 6 330.48845404804393
8 9 7 635.9533123945471
8 9 8 1006.5015504865961
8 9 9 . 
8 9 10 798.7968305082663
8 9 11 2.1646304534492713
8 10 1 731.361844514273
8 10 2 426.91756387775865
8 10 3 1.5749999999999997
8 10 4 876.8947371775444
8 10 5 504.88930539536545
8 10 6 833.0991119522719
8 10 7 716.6788491584789
8 10 8 2.625
8 10 9 798.7968305082663
8 10 10 . 
8 10 11 883.5751909090657
8 11 1 1.4849242404917498
8 11 2 535.0422751521581
8 11 3 886.8157350466172
8 11 4 619.0822267675916
8 11 5 325.0396812944043
8 11 6 297.5527250744334
8 11 7 491.7724135790371
8 11 8 878.1270033822572
8 11 9 2.1646304534492713
8 11 10 883.5751909090657
8 11 11 . 
9 1 1 . 
9 1 2 464.4300814288884
9 1 3 869.0046180095941
9 1 4 572.5741693899683
9 1 5 338.17788459928215
9 1 6 253.79012613772034
9 1 7 490.4154729409246
9 1 8 781.5673686262303
9 1 9 1.892914419618594
9 1 10 731.361844514273
9 1 11 1.4849242404917498
9 2 1 464.4300814288884
9 2 2 . 
9 2 3 451.3791011846525
9 2 4 572.4333724048366
9 2 5 270.0998584371007
9 2 6 521.3572073767864
9 2 7 425.21499850414557
9 2 8 466.9877985214786
9 2 9 486.81796466540084
9 2 10 426.91756387775865
9 2 11 535.0422751521581
9 3 1 869.0046180095941
9 3 2 451.3791011846525
9 3 3 . 
9 3 4 723.0634673507944
9 3 5 521.5679427226752
9 3 6 680.4885930337703
9 3 7 908.297779702273
9 3 8 1.05
9 3 9 845.089119614266
9 3 10 1.5749999999999997
9 3 11 886.8157350466172
9 4 1 572.5741693899683
9 4 2 572.4333724048366
9 4 3 723.0634673507944
9 4 4 . 
9 4 5 644.137084885556
9 4 6 925.1662457984309
9 4 7 1.1739356881873897
9 4 8 911.0093031812937
9 4 9 590.0154484138022
9 4 10 876.8947371775444
9 4 11 619.0822267675916
9 5 1 338.17788459928215
9 5 2 270.0998584371007
9 5 3 521.5679427226752
9 5 4 644.137084885556
9 5 5 . 
9 5 6 286.1914450513687
9 5 7 537.2979590335476
9 5 8 634.5388743360822
9 5 9 335.2644842401691
9 5 10 504.88930539536545
9 5 11 325.0396812944043
9 6 1 253.79012613772034
9 6 2 521.3572073767864
9 6 3 680.4885930337703
9 6 4 925.1662457984309
9 6 5 286.1914450513687
9 6 6 . 
9 6 7 693.6481317908798
9 6 8 764.9499113011594
9 6 9 330.48845404804393
9 6 10 833.0991119522719
9 6 11 297.5527250744334
9 7 1 490.4154729409246
9 7 2 425.21499850414557
9 7 3 908.297779702273
9 7 4 1.1739356881873897
9 7 5 537.2979590335476
9 7 6 693.6481317908798
9 7 7 . 
9 7 8 913.5437486253378
9 7 9 635.9533123945471
9 7 10 716.6788491584789
9 7 11 491.7724135790371
9 8 1 781.5673686262303
9 8 2 466.9877985214786
9 8 3 1.05
9 8 4 911.0093031812937
9 8 5 634.5388743360822
9 8 6 764.9499113011594
9 8 7 913.5437486253378
9 8 8 . 
9 8 9 1006.5015504865961
9 8 10 2.625
9 8 11 878.1270033822572
9 9 1 1.892914419618594
9 9 2 486.81796466540084
9 9 3 845.089119614266
9 9 4 590.0154484138022
9 9 5 335.2644842401691
9 9 6 330.48845404804393
9 9 7 635.9533123945471
9 9 8 1006.5015504865961
9 9 9 . 
9 9 10 798.7968305082663
9 9 11 2.1646304534492713
9 10 1 731.361844514273
9 10 2 426.91756387775865
9 10 3 1.5749999999999997
9 10 4 876.8947371775444
9 10 5 504.88930539536545
9 10 6 833.0991119522719
9 10 7 716.6788491584789
9 10 8 2.625
9 10 9 798.7968305082663
9 10 10 . 
9 10 11 883.5751909090657
9 11 1 1.4849242404917498
9 11 2 535.0422751521581
9 11 3 886.8157350466172
9 11 4 619.0822267675916
9 11 5 325.0396812944043
9 11 6 297.5527250744334
9 11 7 491.7724135790371
9 11 8 878.1270033822572
9 11 9 2.1646304534492713
9 11 10 883.5751909090657
9 11 11 . 
10 1 1 . 
10 1 2 464.4300814288884
10 1 3 869.0046180095941
10 1 4 572.5741693899683
10 1 5 338.17788459928215
10 1 6 253.79012613772034
10 1 7 490.4154729409246
10 1 8 781.5673686262303
10 1 9 1.892914419618594
10 1 10 731.361844514273
10 1 11 1.4849242404917498
10 2 1 464.4300814288884
10 2 2 . 
10 2 3 451.3791011846525
10 2 4 572.4333724048366
10 2 5 270.0998584371007
10 2 6 521.3572073767864
10 2 7 425.21499850414557
10 2 8 466.9877985214786
10 2 9 486.81796466540084
10 2 10 426.91756387775865
10 2 11 535.0422751521581
10 3 1 869.0046180095941
10 3 2 451.3791011846525
10 3 3 . 
10 3 4 723.0634673507944
10 3 5 521.5679427226752
10 3 6 680.4885930337703
10 3 7 908.297779702273
10 3 8 1.05
10 3 9 845.089119614266
10 3 10 1.5749999999999997
10 3 11 886.8157350466172
10 4 1 572.5741693899683
10 4 2 572.4333724048366
10 4 3 723.0634673507944
10 4 4 . 
10 4 5 644.137084885556
10 4 6 925.1662457984309
10 4 7 1.1739356881873897
10 4 8 911.0093031812937
10 4 9 590.0154484138022
10 4 10 876.8947371775444
10 4 11 619.0822267675916
10 5 1 338.17788459928215
10 5 2 270.0998584371007
10 5 3 521.5679427226752
10 5 4 644.137084885556
10 5 5 . 
10 5 6 286.1914450513687
10 5 7 537.2979590335476
10 5 8 634.5388743360822
10 5 9 335.2644842401691
10 5 10 504.88930539536545
10 5 11 325.0396812944043
10 6 1 253.79012613772034
10 6 2 521.3572073767864
10 6 3 680.4885930337703
10 6 4 925.1662457984309
10 6 5 286.1914450513687
10 6 6 . 
10 6 7 693.6481317908798
10 6 8 764.9499113011594
10 6 9 330.48845404804393
10 6 10 833.0991119522719
10 6 11 297.5527250744334
10 7 1 490.4154729409246
10 7 2 425.21499850414557
10 7 3 908.297779702273
10 7 4 1.1739356881873897
10 7 5 537.2979590335476
10 7 6 693.6481317908798
10 7 7 . 
10 7 8 913.5437486253378
10 7 9 635.9533123945471
10 7 10 716.6788491584789
10 7 11 491.7724135790371
10 8 1 781.5673686262303
10 8 2 466.9877985214786
10 8 3 1.05
10 8 4 911.0093031812937
10 8 5 634.5388743360822
10 8 6 764.9499113011594
10 8 7 913.5437486253378
10 8 8 . 
10 8 9 1006.5015504865961
10 8 10 2.625
10 8 11 878.1270033822572
10 9 1 1.892914419618594
10 9 2 486.81796466540084
10 9 3 845.089119614266
10 9 4 590.0154484138022
10 9 5 335.2644842401691
10 9 6 330.48845404804393
10 9 7 635.9533123945471
10 9 8 1006.5015504865961
10 9 9 . 
10 9 10 798.7968305082663
10 9 11 2.1646304534492713
10 10 1 731.361844514273
10 10 2 426.91756387775865
10 10 3 1.5749999999999997
10 10 4 876.8947371775444
10 10 5 504.88930539536545
10 10 6 833.0991119522719
10 10 7 716.6788491584789
10 10 8 2.625
10 10 9 798.7968305082663
10 10 10 . 
10 10 11 883.5751909090657
10 11 1 1.4849242404917498
10 11 2 535.0422751521581
10 11 3 886.8157350466172
10 11 4 619.0822267675916
10 11 5 325.0396812944043
10 11 6 297.5527250744334
10 11 7 491.7724135790371
10 11 8 878.1270033822572
10 11 9 2.1646304534492713
10 11 10 883.5751909090657
10 11 11 . ;

# 29 Travel distance
param D_2 :=
1 1 . 
1 2 752.6287265312161
1 3 1377.246891446846
1 4 888.6174655047018
1 5 492.1483516176804
1 6 483.40976407184826
1 7 890.1247103636658
1 8 1378.699749764248
1 9 3.605551275463989
1 10 1375.0701800271868
1 11 2.8284271247461903
2 1 752.6287265312161
2 2 . 
2 3 657.7697165421953
2 4 780.3492807711173
2 5 420.47592083257274
2 6 815.0613473843549
2 7 779.9333304840869
2 8 659.5005686123402
2 9 749.2723136483825
2 10 655.1763121481118
2 11 753.128143146968
3 1 1377.246891446846
3 2 657.7697165421953
3 3 . 
3 4 1325.2637473348466
3 5 929.4627480431908
3 6 1274.1687486357528
3 7 1324.0910089567105
3 8 2.0
3 9 1373.6935611700303
3 10 3.0
3 11 1377.172828660223
4 1 888.6174655047018
4 2 780.3492807711173
4 3 1325.2637473348466
4 4 . 
4 5 996.9277807343921
4 6 1278.2214205684397
4 7 2.23606797749979
4 8 1327.2558155834165
4 9 887.8389493596235
4 10 1322.2756898619893
4 11 891.2042414620793
5 1 492.1483516176804
5 2 420.47592083257274
5 3 929.4627480431908
5 4 996.9277807343921
5 5 . 
5 6 395.12656200260693
5 7 997.4246838734241
5 8 930.645474925871
5 9 488.5990176003222
5 10 927.6939150387913
5 11 491.1232024655321
6 1 483.40976407184826
6 2 815.0613473843549
6 3 1274.1687486357528
6 4 1278.2214205684397
6 5 395.12656200260693
6 6 . 
6 7 1279.234536744533
6 8 1275.0474500974465
6 9 481.5018172343693
6 10 1272.8554513376607
6 11 480.7670953798731
7 1 890.1247103636658
7 2 779.9333304840869
7 3 1324.0910089567105
7 4 2.23606797749979
7 5 997.4246838734241
7 6 1279.234536744533
7 7 . 
7 8 1326.0833307149292
7 9 889.3396426562801
7 10 1321.102569825674
7 11 892.7093591981659
8 1 1378.699749764248
8 2 659.5005686123402
8 3 2.0
8 4 1327.2558155834165
8 5 930.645474925871
8 6 1275.0474500974465
8 7 1326.0833307149292
8 8 . 
8 9 1375.1458104506592
8 10 5.0
8 11 1378.622863585252
9 1 3.605551275463989
9 2 749.2723136483825
9 3 1373.6935611700303
9 4 887.8389493596235
9 5 488.5990176003222
9 6 481.5018172343693
9 7 889.3396426562801
9 8 1375.1458104506592
9 9 . 
9 10 1371.5177723966976
9 11 4.123105625617661
10 1 1375.0701800271868
10 2 655.1763121481118
10 3 3.0
10 4 1322.2756898619893
10 5 927.6939150387913
10 6 1272.8554513376607
10 7 1321.102569825674
10 8 5.0
10 9 1371.5177723966976
10 10 . 
10 11 1375.0003636363156
11 1 2.8284271247461903
11 2 753.128143146968
11 3 1377.172828660223
11 4 891.2042414620793
11 5 491.1232024655321
11 6 480.7670953798731
11 7 892.7093591981659
11 8 1378.622863585252
11 9 4.123105625617661
11 10 1375.0003636363156
11 11 . ;

