# 1 amount of Vehicles
param nv :=
5 ;

# 2 amount of Orders
param no :=
9 ;

# 3 amount of locations
param nl :=
6 ;

# 4 amount of factories
param nf :=
2 ;

# 5 factory sets
set N_f_2[1] :=  4 ;
set N_f_2[2] :=  5 6 ;

# 6 factory stop capacities
param H :=
1 1
2 1 ;

# 7 pickup locations for each order
param L_pd :=
1 2
2 1
3 3
4 2
5 3
6 2
7 3
8 2
9 1 ;

# 8 delivery locations for each order
param L_dd :=
1 5
2 6
3 4
4 6
5 5
6 6
7 5
8 6
9 6 ;

# 9 location sets
set L_2[1] :=  2 9 ;
set L_2[2] :=  1 4 6 8 ;
set L_2[3] :=  3 5 7 ;
set L_2[4] :=  3 ;
set L_2[5] :=  1 5 7 ;
set L_2[6] :=  2 4 6 8 9 ;

# 10 order weights
param Q_kg_2 :=
1 296.25711803717905
2 703.1255147693694
3 1804.3707894398601
4 1054.7978042827312
5 1868.4102122079807
6 1208.3487989198509
7 650.51108160195
8 72.32695624592056
9 6534.294536385819 ;

# 11 order volumes
param Q_vol_2 :=
1 0.7333307669382496
2 7.871206789090999
3 4.1185431417613
4 11.968396017446826
5 16.103107869881235
6 3.141713364875641
7 14.677111144759909
8 0.9505031953105699
9 25.44954187611114 ;

# 12 Locations vehicle can visit
set N_v_2[1] := 1 2 3 4 5 6 ;
set N_v_2[2] := 1 2 3 4 5 6 ;
set N_v_2[3] := 1 2 3 4 5 6 ;
set N_v_2[4] := 1 2 3 4 5 6 ;
set N_v_2[5] := 1 2 3 4 5 6 ;

# 13 Orders vehicles can pick up
set N_vp_2[1] := 1 2 3 4 5 6 8 9 ;
set N_vp_2[2] := 1 2 3 4 5 6 7 8 9 ;
set N_vp_2[3] := 1 2 3 4 5 6 7 8 9 ;
set N_vp_2[4] := 1 2 3 4 5 6 7 8 9 ;
set N_vp_2[5] := 1 2 3 4 5 6 7 8 9 ;

# 14 vehicle weight capacity
param K_kg :=
1 12000.0
2 18000.0
3 24000.0
4 24000.0
5 24000.0 ;

# 15 vehicle volume capacity
param K_vol :=
1 55.0
2 71.0
3 102.0
4 102.0
5 102.0 ;

# 16 amount of distance intervals
param na :=
1 2
2 2
3 2
4 2
5 2 ;

# 17 amount of weight intervals
param nb :=
1 3
2 4
3 3
4 3
5 3 ;

# 18 Distance intervals
param B_2 :=
1 1 1500.0
1 2 9999999.0
2 1 1500.0
2 2 9999999.0
3 1 1500.0
3 2 9999999.0
4 1 1500.0
4 2 9999999.0
5 1 1500.0
5 2 9999999.0 ;

# 19 Weight intervals
param Z_2 :=
1 1 700.0
1 2 3000.0
1 3 24000.0
1 4 . 
2 1 500.0
2 2 1500.0
2 3 5000.0
2 4 24000.0
3 1 700.0
3 2 3000.0
3 3 24000.0
3 4 . 
4 1 700.0
4 2 3000.0
4 3 24000.0
4 4 . 
5 1 700.0
5 2 3000.0
5 3 24000.0
5 4 . ;

# 20 cost per kilometer
param C_km :=
1 1 1 0.08247985839843748
1 1 2 0.15701783512579273
1 1 3 0.3723393221028571
1 1 4 . 
1 2 1 0.05498657226562501
1 2 2 0.10467855675052853
1 2 3 0.2482262147352381
1 2 4 . 
2 1 1 0.08290283203125001
2 1 2 0.13503576880693438
2 1 3 0.22939324350408793
2 1 4 0.43439587578666683
2 2 1 0.05211035156249999
2 2 2 0.08487962610721587
2 2 3 0.14419003877399808
2 2 4 0.2730488362087619
3 1 1 0.10997314453125002
3 1 2 0.20935711350105707
3 1 3 0.4964524294704762
3 1 4 . 
3 2 1 0.06873321533203125
3 2 2 0.13084819593816063
3 2 3 0.3102827684190475
3 2 4 . 
4 1 1 0.10997314453125002
4 1 2 0.20935711350105707
4 1 3 0.4964524294704762
4 1 4 . 
4 2 1 0.06873321533203125
4 2 2 0.13084819593816063
4 2 3 0.3102827684190475
4 2 4 . 
5 1 1 0.10997314453125002
5 1 2 0.20935711350105707
5 1 3 0.4964524294704762
5 1 4 . 
5 2 1 0.06873321533203125
5 2 2 0.13084819593816063
5 2 3 0.3102827684190475
5 2 4 . ;

# 21 cost per kilo
param C_kg :=
1 1 1 0.0070495605468750035
1 1 2 0.0030595174524933127
1 1 3 8.114541859150757E-4
1 1 4 . 
1 2 1 0.0028198242187500006
1 2 2 0.0012238069809973242
1 2 3 3.245816743660299E-4
1 2 4 . 
2 1 1 0.008544921875000003
2 1 2 0.004564315080642704
2 1 3 0.0022787031026382486
2 1 4 8.114541859150757E-4
2 2 1 0.003417968750000001
2 2 2 0.0018257260322570804
2 2 3 9.114812410552988E-4
2 2 4 3.245816743660299E-4
3 1 1 0.0070495605468750035
3 1 2 0.0030595174524933127
3 1 3 8.114541859150757E-4
3 1 4 . 
3 2 1 0.0028198242187500006
3 2 2 0.0012238069809973242
3 2 3 3.245816743660299E-4
3 2 4 . 
4 1 1 0.0070495605468750035
4 1 2 0.0030595174524933127
4 1 3 8.114541859150757E-4
4 1 4 . 
4 2 1 0.0028198242187500006
4 2 2 0.0012238069809973242
4 2 3 3.245816743660299E-4
4 2 4 . 
5 1 1 0.0070495605468750035
5 1 2 0.0030595174524933127
5 1 3 8.114541859150757E-4
5 1 4 . 
5 2 1 0.0028198242187500006
5 2 2 0.0012238069809973242
5 2 3 3.245816743660299E-4
5 2 4 . ;

# 22 fixed costs
param C_fix :=
1 1 1 86.0625
1 1 2 202.5
1 1 3 764.94375
1 1 4 . 
1 2 1 653.537109375
1 2 2 1537.734375
1 2 3 5808.7916015625
1 2 4 . 
2 1 1 71.06890752000001
2 1 2 159.90504192000003
2 1 3 343.49971968000006
2 1 4 894.8759938560002
2 2 1 656.6026500912208
2 2 2 1477.3559627052468
2 2 3 3173.5794754409003
2 2 4 8267.721702398621
3 1 1 122.97711871999996
3 1 2 289.35792639999994
3 1 3 1093.0495669759996
3 1 4 . 
3 2 1 1458.9605667660978
3 2 2 3432.848392390819
3 2 3 12967.584802256317
3 2 4 . 
4 1 1 122.97711871999996
4 1 2 289.35792639999994
4 1 3 1093.0495669759996
4 1 4 . 
4 2 1 1458.9605667660978
4 2 2 3432.848392390819
4 2 3 12967.584802256317
4 2 4 . 
5 1 1 122.97711871999996
5 1 2 289.35792639999994
5 1 3 1093.0495669759996
5 1 4 . 
5 2 1 1458.9605667660978
5 2 2 3432.848392390819
5 2 3 12967.584802256317
5 2 4 . ;

# 23 stopping costs
param C_stop_2 :=
1 1 22.0
1 2 29.0
1 3 26.0
1 4 26.0
1 5 24.0
1 6 25.0
2 1 33.0
2 2 43.5
2 3 39.0
2 4 39.0
2 5 36.0
2 6 37.5
3 1 44.0
3 2 58.0
3 3 52.0
3 4 52.0
3 5 48.0
3 6 50.0
4 1 44.0
4 2 58.0
4 3 52.0
4 4 52.0
4 5 48.0
4 6 50.0
5 1 44.0
5 2 58.0
5 3 52.0
5 4 52.0
5 5 48.0
5 6 50.0 ;

# 24 cost of no transport
param C_2 :=
1 32831.77628970333
2 45877.21478138215
3 56337.11611488287
4 51725.201347176626
5 54829.636398832234
6 44434.02864097665
7 41224.6483676506
8 30882.60004467227
9 121767.24008456679 ;

# 25 timewindow amounts at location
param pi_2 :=
1 4
2 3
3 4
4 4
5 3
6 4 ;

# 26 timewindow lower bounds
param T_l_2 :=
1 1 120.0
1 2 420.0
1 3 1560.0
1 4 1860.0
2 1 120.0
2 2 1560.0
2 3 3000.0
2 4 . 
3 1 0.0
3 2 1440.0
3 3 2880.0
3 4 4320.0
4 1 0.0
4 2 300.0
4 3 1440.0
4 4 1800.0
5 1 60.0
5 2 360.0
5 3 1500.0
5 4 . 
6 1 60.0
6 2 1500.0
6 3 2940.0
6 4 4380.0 ;

# 27 timewindow upper bounds
param T_u_2 :=
1 1 360.0
1 2 720.0
1 3 1800.0
1 4 2160.0
2 1 300.0
2 2 1800.0
2 3 3240.0
2 4 . 
3 1 180.0
3 2 1740.0
3 3 3180.0
3 4 4620.0
4 1 240.0
4 2 540.0
4 3 1680.0
4 4 2040.0
5 1 300.0
5 2 660.0
5 3 1740.0
5 4 . 
6 1 360.0
6 2 1800.0
6 3 3240.0
6 4 4680.0 ;

# 28 Travel time
param T_2 :=
1 1 1 . 
1 1 2 297.80564086990364
1 1 3 209.68550024835972
1 1 4 202.96182198335043
1 1 5 181.91779901380625
1 1 6 190.9125474099576
1 2 1 297.80564086990364
1 2 2 . 
1 2 3 188.97058540778355
1 2 4 220.43051109570587
1 2 5 186.26457237322148
1 2 6 191.4804547817083
1 3 1 209.68550024835972
1 3 2 188.97058540778355
1 3 3 . 
1 3 4 298.2477513120495
1 3 5 0.7071067811865475
1 3 6 2.5
1 4 1 202.96182198335043
1 4 2 220.43051109570587
1 4 3 298.2477513120495
1 4 4 . 
1 4 5 323.9417300945299
1 4 6 256.6320389218514
1 5 1 181.91779901380625
1 5 2 186.26457237322148
1 5 3 0.7071067811865475
1 5 4 323.9417300945299
1 5 5 . 
1 5 6 2.692582403567252
1 6 1 190.9125474099576
1 6 2 191.4804547817083
1 6 3 2.5
1 6 4 256.6320389218514
1 6 5 2.692582403567252
1 6 6 . 
2 1 1 . 
2 1 2 305.25078189165123
2 1 3 214.92763775456868
2 1 4 208.03586753293416
2 1 5 186.46574398915138
2 1 6 195.68536109520653
2 2 1 305.25078189165123
2 2 2 . 
2 2 3 193.69485004297812
2 2 4 225.94127387309848
2 2 5 190.921186682552
2 2 6 196.26746615125097
2 3 1 214.92763775456868
2 3 2 193.69485004297812
2 3 3 . 
2 3 4 305.7039450948507
2 3 5 0.7247844507162111
2 3 6 2.5625
2 4 1 208.03586753293416
2 4 2 225.94127387309848
2 4 3 305.7039450948507
2 4 4 . 
2 4 5 332.0402733468931
2 4 6 263.04783989489766
2 5 1 186.46574398915138
2 5 2 190.921186682552
2 5 3 0.7247844507162111
2 5 4 332.0402733468931
2 5 5 . 
2 5 6 2.7598969636564328
2 6 1 195.68536109520653
2 6 2 196.26746615125097
2 6 3 2.5625
2 6 4 263.04783989489766
2 6 5 2.7598969636564328
2 6 6 . 
3 1 1 . 
3 1 2 305.25078189165123
3 1 3 214.92763775456868
3 1 4 208.03586753293416
3 1 5 186.46574398915138
3 1 6 195.68536109520653
3 2 1 305.25078189165123
3 2 2 . 
3 2 3 193.69485004297812
3 2 4 225.94127387309848
3 2 5 190.921186682552
3 2 6 196.26746615125097
3 3 1 214.92763775456868
3 3 2 193.69485004297812
3 3 3 . 
3 3 4 305.7039450948507
3 3 5 0.7247844507162111
3 3 6 2.5625
3 4 1 208.03586753293416
3 4 2 225.94127387309848
3 4 3 305.7039450948507
3 4 4 . 
3 4 5 332.0402733468931
3 4 6 263.04783989489766
3 5 1 186.46574398915138
3 5 2 190.921186682552
3 5 3 0.7247844507162111
3 5 4 332.0402733468931
3 5 5 . 
3 5 6 2.7598969636564328
3 6 1 195.68536109520653
3 6 2 196.26746615125097
3 6 3 2.5625
3 6 4 263.04783989489766
3 6 5 2.7598969636564328
3 6 6 . 
4 1 1 . 
4 1 2 312.6959229133988
4 1 3 220.1697752607777
4 1 4 213.10991308251798
4 1 5 191.01368896449657
4 1 6 200.4581747804555
4 2 1 312.6959229133988
4 2 2 . 
4 2 3 198.41911467817272
4 2 4 231.45203665049118
4 2 5 195.57780099188255
4 2 6 201.0544775207937
4 3 1 220.1697752607777
4 3 2 198.41911467817272
4 3 3 . 
4 3 4 313.160138877652
4 3 5 0.7424621202458749
4 3 6 2.625
4 4 1 213.10991308251798
4 4 2 231.45203665049118
4 4 3 313.160138877652
4 4 4 . 
4 4 5 340.13881659925636
4 4 6 269.463640867944
4 5 1 191.01368896449657
4 5 2 195.57780099188255
4 5 3 0.7424621202458749
4 5 4 340.13881659925636
4 5 5 . 
4 5 6 2.8272115237456146
4 6 1 200.4581747804555
4 6 2 201.0544775207937
4 6 3 2.625
4 6 4 269.463640867944
4 6 5 2.8272115237456146
4 6 6 . 
5 1 1 . 
5 1 2 312.6959229133988
5 1 3 220.1697752607777
5 1 4 213.10991308251798
5 1 5 191.01368896449657
5 1 6 200.4581747804555
5 2 1 312.6959229133988
5 2 2 . 
5 2 3 198.41911467817272
5 2 4 231.45203665049118
5 2 5 195.57780099188255
5 2 6 201.0544775207937
5 3 1 220.1697752607777
5 3 2 198.41911467817272
5 3 3 . 
5 3 4 313.160138877652
5 3 5 0.7424621202458749
5 3 6 2.625
5 4 1 213.10991308251798
5 4 2 231.45203665049118
5 4 3 313.160138877652
5 4 4 . 
5 4 5 340.13881659925636
5 4 6 269.463640867944
5 5 1 191.01368896449657
5 5 2 195.57780099188255
5 5 3 0.7424621202458749
5 5 4 340.13881659925636
5 5 5 . 
5 5 6 2.8272115237456146
5 6 1 200.4581747804555
5 6 2 201.0544775207937
5 6 3 2.625
5 6 4 269.463640867944
5 6 5 2.8272115237456146
5 6 6 . ;

# 29 Travel distance
param D_2 :=
1 1 . 
1 2 533.6112817398073
1 3 361.37100049671943
1 4 333.92364396670087
1 5 361.83559802761255
1 6 365.82509481991525
2 1 533.6112817398073
2 2 . 
2 3 305.9411708155671
2 4 420.8610221914118
2 5 304.52914474644297
2 6 306.9609095634166
3 1 361.37100049671943
3 2 305.9411708155671
3 3 . 
3 4 472.49550262409906
3 5 1.4142135623730951
3 6 5.0
4 1 333.92364396670087
4 2 420.8610221914118
4 3 472.49550262409906
4 4 . 
4 5 471.8834601890598
4 6 477.2640778437028
5 1 361.83559802761255
5 2 304.52914474644297
5 3 1.4142135623730951
5 4 471.8834601890598
5 5 . 
5 6 5.385164807134504
6 1 365.82509481991525
6 2 306.9609095634166
6 3 5.0
6 4 477.2640778437028
6 5 5.385164807134504
6 6 . ;

