# 1 amount of Vehicles
param nv :=
10 ;

# 2 amount of Orders
param no :=
20 ;

# 3 amount of locations
param nl :=
11 ;

# 4 amount of factories
param nf :=
4 ;

# 5 factory sets
set N_f_2[1] :=  6 ;
set N_f_2[2] :=  7 ;
set N_f_2[3] :=  8 11 ;
set N_f_2[4] :=  9 10 ;

# 6 factory stop capacities
param H :=
1 1
2 1
3 3
4 1 ;

# 7 pickup locations for each order
param L_pd :=
1 1
2 5
3 4
4 3
5 2
6 4
7 3
8 2
9 5
10 5
11 5
12 1
13 5
14 3
15 4
16 5
17 4
18 3
19 2
20 3 ;

# 8 delivery locations for each order
param L_dd :=
1 6
2 9
3 11
4 8
5 7
6 10
7 8
8 7
9 11
10 8
11 10
12 11
13 9
14 10
15 9
16 11
17 10
18 8
19 10
20 8 ;

# 9 location sets
set L_2[1] :=  1 12 ;
set L_2[2] :=  5 8 19 ;
set L_2[3] :=  4 7 14 18 20 ;
set L_2[4] :=  3 6 15 17 ;
set L_2[5] :=  2 9 10 11 13 16 ;
set L_2[6] :=  1 ;
set L_2[7] :=  5 8 ;
set L_2[8] :=  4 7 10 18 20 ;
set L_2[9] :=  2 13 15 ;
set L_2[10] :=  6 11 14 17 19 ;
set L_2[11] :=  3 9 12 16 ;

# 10 order weights
param Q_kg_2 :=
1 214.13358782138752
2 200.1270649241383
3 1152.8108073266396
4 881.614783009208
5 1359.5517210776372
6 1247.1596217677977
7 234.96782538703974
8 1797.7501950703195
9 1173.4843292328683
10 802.4222115071391
11 1933.0346953909034
12 267.09141824233427
13 1807.7520858130888
14 1698.4842223118878
15 1664.8010066226846
16 1012.3713157260883
17 497.850067158368
18 300.88598027450394
19 1276.981941951346
20 1895.0243035816757 ;

# 11 order volumes
param Q_vol_2 :=
1 1.9533697995090604
2 2.7627532954508185
3 9.87371509729772
4 6.091528552082977
5 26.673295784739864
6 13.637061429896896
7 3.0901231149927337
8 42.86541535942425
9 7.1439157198639025
10 9.607786298556478
11 13.346799724874185
12 0.6606168398199499
13 26.559823536207286
14 17.826973583895672
15 6.177024571941588
16 8.629970771453872
17 1.3409385824746465
18 0.8189069507590352
19 3.5004863527034855
20 17.607448140287573 ;

# 12 Locations vehicle can visit
set N_v_2[1] := 1 2 3 4 5 6 7 8 9 10 11 ;
set N_v_2[2] := 1 2 3 4 5 6 7 8 9 10 11 ;
set N_v_2[3] := 1 2 3 4 5 6 7 8 9 10 11 ;
set N_v_2[4] := 1 2 3 4 5 6 7 8 9 10 11 ;
set N_v_2[5] := 1 2 3 4 5 6 7 8 9 10 11 ;
set N_v_2[6] := 1 2 3 4 5 6 7 8 9 10 11 ;
set N_v_2[7] := 1 2 3 4 5 6 7 8 9 10 11 ;
set N_v_2[8] := 1 2 3 4 5 6 7 8 9 10 11 ;
set N_v_2[9] := 1 2 3 4 5 6 7 8 9 10 11 ;
set N_v_2[10] := 1 2 3 4 5 6 7 8 9 10 11 ;

# 13 Orders vehicles can pick up
set N_vp[1] := 1 2 3 4 5 6 7 8 9 10 11 12 13 14 15 16 17 18 20 ;
set N_vp[2] := 1 2 3 4 5 6 7 8 9 10 11 12 13 14 15 16 17 18 20 ;
set N_vp[3] := 1 2 3 4 5 6 7 8 9 10 11 12 13 14 15 16 17 18 20 ;
set N_vp[4] := 1 2 3 4 5 6 7 8 9 10 11 12 13 14 15 16 17 18 19 20 ;
set N_vp[5] := 1 2 3 4 5 6 7 8 9 10 11 12 13 14 15 16 17 18 19 20 ;
set N_vp[6] := 1 2 3 4 5 6 7 8 9 10 11 12 13 14 15 16 17 18 19 20 ;
set N_vp[7] := 1 2 3 4 5 6 7 8 9 10 11 12 13 14 15 16 17 18 19 20 ;
set N_vp[8] := 1 2 3 4 5 6 7 8 9 10 11 12 13 14 15 16 17 18 19 20 ;
set N_vp[9] := 1 2 3 4 5 6 7 8 9 10 11 12 13 14 15 16 17 18 19 20 ;
set N_vp[10] := 1 2 3 4 5 6 7 8 9 10 11 12 13 14 15 16 17 18 19 20 ;

# 14 vehicle weight capacity
param K_kg :=
1 12000.0
2 12000.0
3 12000.0
4 18000.0
5 18000.0
6 18000.0
7 24000.0
8 24000.0
9 24000.0
10 24000.0 ;

# 15 vehicle volume capacity
param K_vol :=
1 55.0
2 55.0
3 55.0
4 71.0
5 71.0
6 71.0
7 102.0
8 102.0
9 102.0
10 102.0 ;

# 16 amount of distance intervals
param na :=
1 2
2 2
3 2
4 3
5 3
6 3
7 2
8 2
9 2
10 2 ;

# 17 amount of weight intervals
param nb :=
1 6
2 6
3 6
4 5
5 5
6 5
7 6
8 6
9 6
10 6 ;

# 18 Distance intervals
param B_2 :=
1 1 1500.0
1 2 9999999.0
1 3 . 
2 1 1500.0
2 2 9999999.0
2 3 . 
3 1 1500.0
3 2 9999999.0
3 3 . 
4 1 500.0
4 2 2000.0
4 3 9999999.0
5 1 500.0
5 2 2000.0
5 3 9999999.0
6 1 500.0
6 2 2000.0
6 3 9999999.0
7 1 1500.0
7 2 9999999.0
7 3 . 
8 1 1500.0
8 2 9999999.0
8 3 . 
9 1 1500.0
9 2 9999999.0
9 3 . 
10 1 1500.0
10 2 9999999.0
10 3 . ;

# 19 Weight intervals
param Z_2 :=
1 1 200.0
1 2 700.0
1 3 1500.0
1 4 3000.0
1 5 7000.0
1 6 24000.0
2 1 200.0
2 2 700.0
2 3 1500.0
2 4 3000.0
2 5 7000.0
2 6 24000.0
3 1 200.0
3 2 700.0
3 3 1500.0
3 4 3000.0
3 5 7000.0
3 6 24000.0
4 1 300.0
4 2 900.0
4 3 2000.0
4 4 6000.0
4 5 24000.0
4 6 . 
5 1 300.0
5 2 900.0
5 3 2000.0
5 4 6000.0
5 5 24000.0
5 6 . 
6 1 300.0
6 2 900.0
6 3 2000.0
6 4 6000.0
6 5 24000.0
6 6 . 
7 1 200.0
7 2 700.0
7 3 1500.0
7 4 3000.0
7 5 7000.0
7 6 24000.0
8 1 200.0
8 2 700.0
8 3 1500.0
8 4 3000.0
8 5 7000.0
8 6 24000.0
9 1 200.0
9 2 700.0
9 3 1500.0
9 4 3000.0
9 5 7000.0
9 6 24000.0
10 1 200.0
10 2 700.0
10 3 1500.0
10 4 3000.0
10 5 7000.0
10 6 24000.0 ;

# 20 cost per kilometer
param C_km :=
1 1 1 0.04921874999999999
1 1 2 0.08247985839843748
1 1 3 0.11574494469165798
1 1 4 0.15701783512579273
1 1 5 0.22822286981274043
1 1 6 0.3723393221028571
1 2 1 0.0328125
1 2 2 0.05498657226562501
1 2 3 0.07716329646110535
1 2 4 0.10467855675052853
1 2 5 0.15214857987516034
1 2 6 0.2482262147352381
1 3 1 . 
1 3 2 . 
1 3 3 . 
1 3 4 . 
1 3 5 . 
1 3 6 . 
2 1 1 0.04921874999999999
2 1 2 0.08247985839843748
2 1 3 0.11574494469165798
2 1 4 0.15701783512579273
2 1 5 0.22822286981274043
2 1 6 0.3723393221028571
2 2 1 0.0328125
2 2 2 0.05498657226562501
2 2 3 0.07716329646110535
2 2 4 0.10467855675052853
2 2 5 0.15214857987516034
2 2 6 0.2482262147352381
2 3 1 . 
2 3 2 . 
2 3 3 . 
2 3 4 . 
2 3 5 . 
2 3 6 . 
3 1 1 0.04921874999999999
3 1 2 0.08247985839843748
3 1 3 0.11574494469165798
3 1 4 0.15701783512579273
3 1 5 0.22822286981274043
3 1 6 0.3723393221028571
3 2 1 0.0328125
3 2 2 0.05498657226562501
3 2 3 0.07716329646110535
3 2 4 0.10467855675052853
3 2 5 0.15214857987516034
3 2 6 0.2482262147352381
3 3 1 . 
3 3 2 . 
3 3 3 . 
3 3 4 . 
3 3 5 . 
3 3 6 . 
4 1 1 0.06699218750000001
4 1 2 0.1079206943511963
4 1 3 0.15372375466860833
4 1 4 0.2485093471294286
4 1 5 0.43439587578666683
4 1 6 . 
4 2 1 0.05742187499999999
4 2 2 0.09250345230102536
4 2 3 0.13176321828737853
4 2 4 0.21300801182522439
4 2 5 0.3723393221028571
4 2 6 . 
4 3 1 0.04210937499999999
4 3 2 0.06783586502075195
4 3 3 0.09662636007741093
4 3 4 0.15620587533849792
4 3 5 0.2730488362087619
4 3 6 . 
5 1 1 0.06699218750000001
5 1 2 0.1079206943511963
5 1 3 0.15372375466860833
5 1 4 0.2485093471294286
5 1 5 0.43439587578666683
5 1 6 . 
5 2 1 0.05742187499999999
5 2 2 0.09250345230102536
5 2 3 0.13176321828737853
5 2 4 0.21300801182522439
5 2 5 0.3723393221028571
5 2 6 . 
5 3 1 0.04210937499999999
5 3 2 0.06783586502075195
5 3 3 0.09662636007741093
5 3 4 0.15620587533849792
5 3 5 0.2730488362087619
5 3 6 . 
6 1 1 0.06699218750000001
6 1 2 0.1079206943511963
6 1 3 0.15372375466860833
6 1 4 0.2485093471294286
6 1 5 0.43439587578666683
6 1 6 . 
6 2 1 0.05742187499999999
6 2 2 0.09250345230102536
6 2 3 0.13176321828737853
6 2 4 0.21300801182522439
6 2 5 0.3723393221028571
6 2 6 . 
6 3 1 0.04210937499999999
6 3 2 0.06783586502075195
6 3 3 0.09662636007741093
6 3 4 0.15620587533849792
6 3 5 0.2730488362087619
6 3 6 . 
7 1 1 0.065625
7 1 2 0.10997314453125002
7 1 3 0.1543265929222107
7 1 4 0.20935711350105707
7 1 5 0.3042971597503207
7 1 6 0.4964524294704762
7 2 1 0.041015625
7 2 2 0.06873321533203125
7 2 3 0.09645412057638168
7 2 4 0.13084819593816063
7 2 5 0.19018572484395038
7 2 6 0.3102827684190475
7 3 1 . 
7 3 2 . 
7 3 3 . 
7 3 4 . 
7 3 5 . 
7 3 6 . 
8 1 1 0.065625
8 1 2 0.10997314453125002
8 1 3 0.1543265929222107
8 1 4 0.20935711350105707
8 1 5 0.3042971597503207
8 1 6 0.4964524294704762
8 2 1 0.041015625
8 2 2 0.06873321533203125
8 2 3 0.09645412057638168
8 2 4 0.13084819593816063
8 2 5 0.19018572484395038
8 2 6 0.3102827684190475
8 3 1 . 
8 3 2 . 
8 3 3 . 
8 3 4 . 
8 3 5 . 
8 3 6 . 
9 1 1 0.065625
9 1 2 0.10997314453125002
9 1 3 0.1543265929222107
9 1 4 0.20935711350105707
9 1 5 0.3042971597503207
9 1 6 0.4964524294704762
9 2 1 0.041015625
9 2 2 0.06873321533203125
9 2 3 0.09645412057638168
9 2 4 0.13084819593816063
9 2 5 0.19018572484395038
9 2 6 0.3102827684190475
9 3 1 . 
9 3 2 . 
9 3 3 . 
9 3 4 . 
9 3 5 . 
9 3 6 . 
10 1 1 0.065625
10 1 2 0.10997314453125002
10 1 3 0.1543265929222107
10 1 4 0.20935711350105707
10 1 5 0.3042971597503207
10 1 6 0.4964524294704762
10 2 1 0.041015625
10 2 2 0.06873321533203125
10 2 3 0.09645412057638168
10 2 4 0.13084819593816063
10 2 5 0.19018572484395038
10 2 6 0.3102827684190475
10 3 1 . 
10 3 2 . 
10 3 3 . 
10 3 4 . 
10 3 5 . 
10 3 6 . ;

# 21 cost per kilo
param C_kg :=
1 1 1 0.015625000000000003
1 1 2 0.0070495605468750035
1 1 3 0.004564315080642704
1 1 4 0.0030595174524933127
1 1 5 0.001879930059676555
1 1 6 8.114541859150757E-4
1 2 1 0.00625
1 2 2 0.0028198242187500006
1 2 3 0.0018257260322570804
1 2 4 0.0012238069809973242
1 2 5 7.519720238706215E-4
1 2 6 3.245816743660299E-4
1 3 1 . 
1 3 2 . 
1 3 3 . 
1 3 4 . 
1 3 5 . 
1 3 6 . 
2 1 1 0.015625000000000003
2 1 2 0.0070495605468750035
2 1 3 0.004564315080642704
2 1 4 0.0030595174524933127
2 1 5 0.001879930059676555
2 1 6 8.114541859150757E-4
2 2 1 0.00625
2 2 2 0.0028198242187500006
2 2 3 0.0018257260322570804
2 2 4 0.0012238069809973242
2 2 5 7.519720238706215E-4
2 2 6 3.245816743660299E-4
2 3 1 . 
2 3 2 . 
2 3 3 . 
2 3 4 . 
2 3 5 . 
2 3 6 . 
3 1 1 0.015625000000000003
3 1 2 0.0070495605468750035
3 1 3 0.004564315080642704
3 1 4 0.0030595174524933127
3 1 5 0.001879930059676555
3 1 6 8.114541859150757E-4
3 2 1 0.00625
3 2 2 0.0028198242187500006
3 2 3 0.0018257260322570804
3 2 4 0.0012238069809973242
3 2 5 7.519720238706215E-4
3 2 6 3.245816743660299E-4
3 3 1 . 
3 3 2 . 
3 3 3 . 
3 3 4 . 
3 3 5 . 
3 3 6 . 
4 1 1 0.0703125
4 1 2 0.03682136535644531
4 1 3 0.02331060916185379
4 1 4 0.012304996754246532
4 1 5 0.004868725115490448
4 1 6 . 
4 2 1 0.011718750000000003
4 2 2 0.006136894226074222
4 2 3 0.003885101526975635
4 2 4 0.0020508327923744237
4 2 5 8.114541859150757E-4
4 2 6 . 
4 3 1 0.004687500000000001
4 3 2 0.002454757690429688
4 3 3 0.001554040610790253
4 3 4 8.203331169497689E-4
4 3 5 3.245816743660299E-4
4 3 6 . 
5 1 1 0.0703125
5 1 2 0.03682136535644531
5 1 3 0.02331060916185379
5 1 4 0.012304996754246532
5 1 5 0.004868725115490448
5 1 6 . 
5 2 1 0.011718750000000003
5 2 2 0.006136894226074222
5 2 3 0.003885101526975635
5 2 4 0.0020508327923744237
5 2 5 8.114541859150757E-4
5 2 6 . 
5 3 1 0.004687500000000001
5 3 2 0.002454757690429688
5 3 3 0.001554040610790253
5 3 4 8.203331169497689E-4
5 3 5 3.245816743660299E-4
5 3 6 . 
6 1 1 0.0703125
6 1 2 0.03682136535644531
6 1 3 0.02331060916185379
6 1 4 0.012304996754246532
6 1 5 0.004868725115490448
6 1 6 . 
6 2 1 0.011718750000000003
6 2 2 0.006136894226074222
6 2 3 0.003885101526975635
6 2 4 0.0020508327923744237
6 2 5 8.114541859150757E-4
6 2 6 . 
6 3 1 0.004687500000000001
6 3 2 0.002454757690429688
6 3 3 0.001554040610790253
6 3 4 8.203331169497689E-4
6 3 5 3.245816743660299E-4
6 3 6 . 
7 1 1 0.015625000000000003
7 1 2 0.0070495605468750035
7 1 3 0.004564315080642704
7 1 4 0.0030595174524933127
7 1 5 0.001879930059676555
7 1 6 8.114541859150757E-4
7 2 1 0.00625
7 2 2 0.0028198242187500006
7 2 3 0.0018257260322570804
7 2 4 0.0012238069809973242
7 2 5 7.519720238706215E-4
7 2 6 3.245816743660299E-4
7 3 1 . 
7 3 2 . 
7 3 3 . 
7 3 4 . 
7 3 5 . 
7 3 6 . 
8 1 1 0.015625000000000003
8 1 2 0.0070495605468750035
8 1 3 0.004564315080642704
8 1 4 0.0030595174524933127
8 1 5 0.001879930059676555
8 1 6 8.114541859150757E-4
8 2 1 0.00625
8 2 2 0.0028198242187500006
8 2 3 0.0018257260322570804
8 2 4 0.0012238069809973242
8 2 5 7.519720238706215E-4
8 2 6 3.245816743660299E-4
8 3 1 . 
8 3 2 . 
8 3 3 . 
8 3 4 . 
8 3 5 . 
8 3 6 . 
9 1 1 0.015625000000000003
9 1 2 0.0070495605468750035
9 1 3 0.004564315080642704
9 1 4 0.0030595174524933127
9 1 5 0.001879930059676555
9 1 6 8.114541859150757E-4
9 2 1 0.00625
9 2 2 0.0028198242187500006
9 2 3 0.0018257260322570804
9 2 4 0.0012238069809973242
9 2 5 7.519720238706215E-4
9 2 6 3.245816743660299E-4
9 3 1 . 
9 3 2 . 
9 3 3 . 
9 3 4 . 
9 3 5 . 
9 3 6 . 
10 1 1 0.015625000000000003
10 1 2 0.0070495605468750035
10 1 3 0.004564315080642704
10 1 4 0.0030595174524933127
10 1 5 0.001879930059676555
10 1 6 8.114541859150757E-4
10 2 1 0.00625
10 2 2 0.0028198242187500006
10 2 3 0.0018257260322570804
10 2 4 0.0012238069809973242
10 2 5 7.519720238706215E-4
10 2 6 3.245816743660299E-4
10 3 1 . 
10 3 2 . 
10 3 3 . 
10 3 4 . 
10 3 5 . 
10 3 6 . ;

# 22 fixed costs
param C_fix :=
1 1 1 25.3125
1 1 2 86.0625
1 1 3 136.6875
1 1 4 202.5
1 1 5 354.375
1 1 6 764.94375
1 2 1 192.216796875
1 2 2 653.537109375
1 2 3 1037.970703125
1 2 4 1537.734375
1 2 5 2691.03515625
1 2 6 5808.7916015625
1 3 1 . 
1 3 2 . 
1 3 3 . 
1 3 4 . 
1 3 5 . 
1 3 6 . 
2 1 1 25.3125
2 1 2 86.0625
2 1 3 136.6875
2 1 4 202.5
2 1 5 354.375
2 1 6 764.94375
2 2 1 192.216796875
2 2 2 653.537109375
2 2 3 1037.970703125
2 2 4 1537.734375
2 2 5 2691.03515625
2 2 6 5808.7916015625
2 3 1 . 
2 3 2 . 
2 3 3 . 
2 3 4 . 
2 3 5 . 
2 3 6 . 
3 1 1 25.3125
3 1 2 86.0625
3 1 3 136.6875
3 1 4 202.5
3 1 5 354.375
3 1 6 764.94375
3 2 1 192.216796875
3 2 2 653.537109375
3 2 3 1037.970703125
3 2 4 1537.734375
3 2 5 2691.03515625
3 2 6 5808.7916015625
3 3 1 . 
3 3 2 . 
3 3 3 . 
3 3 4 . 
3 3 5 . 
3 3 6 . 
4 1 1 17.035200000000003
4 1 2 48.672000000000004
4 1 3 77.8752
4 1 4 158.18400000000003
4 1 5 367.71696000000003
4 1 6 . 
4 2 1 64.67270584320002
4 2 2 184.77915955200004
4 2 3 295.64665528320006
4 2 4 600.5322685440001
4 2 5 1396.0065504153602
4 2 6 . 
4 3 1 383.01821255321215
4 3 2 1094.3377501520347
4 3 3 1750.9404002432555
4 3 4 3556.5976879941127
4 3 5 8267.721702398621
4 3 6 . 
5 1 1 17.035200000000003
5 1 2 48.672000000000004
5 1 3 77.8752
5 1 4 158.18400000000003
5 1 5 367.71696000000003
5 1 6 . 
5 2 1 64.67270584320002
5 2 2 184.77915955200004
5 2 3 295.64665528320006
5 2 4 600.5322685440001
5 2 5 1396.0065504153602
5 2 6 . 
5 3 1 383.01821255321215
5 3 2 1094.3377501520347
5 3 3 1750.9404002432555
5 3 4 3556.5976879941127
5 3 5 8267.721702398621
5 3 6 . 
6 1 1 17.035200000000003
6 1 2 48.672000000000004
6 1 3 77.8752
6 1 4 158.18400000000003
6 1 5 367.71696000000003
6 1 6 . 
6 2 1 64.67270584320002
6 2 2 184.77915955200004
6 2 3 295.64665528320006
6 2 4 600.5322685440001
6 2 5 1396.0065504153602
6 2 6 . 
6 3 1 383.01821255321215
6 3 2 1094.3377501520347
6 3 3 1750.9404002432555
6 3 4 3556.5976879941127
6 3 5 8267.721702398621
6 3 6 . 
7 1 1 36.16974079999999
7 1 2 122.97711871999996
7 1 3 195.31660031999994
7 1 4 289.35792639999994
7 1 5 506.3763711999999
7 1 6 1093.0495669759996
7 2 1 429.10604904885236
7 2 2 1458.9605667660978
7 2 3 2317.1726648638028
7 2 4 3432.848392390819
7 2 5 6007.4846866839325
7 2 6 12967.584802256317
7 3 1 . 
7 3 2 . 
7 3 3 . 
7 3 4 . 
7 3 5 . 
7 3 6 . 
8 1 1 36.16974079999999
8 1 2 122.97711871999996
8 1 3 195.31660031999994
8 1 4 289.35792639999994
8 1 5 506.3763711999999
8 1 6 1093.0495669759996
8 2 1 429.10604904885236
8 2 2 1458.9605667660978
8 2 3 2317.1726648638028
8 2 4 3432.848392390819
8 2 5 6007.4846866839325
8 2 6 12967.584802256317
8 3 1 . 
8 3 2 . 
8 3 3 . 
8 3 4 . 
8 3 5 . 
8 3 6 . 
9 1 1 36.16974079999999
9 1 2 122.97711871999996
9 1 3 195.31660031999994
9 1 4 289.35792639999994
9 1 5 506.3763711999999
9 1 6 1093.0495669759996
9 2 1 429.10604904885236
9 2 2 1458.9605667660978
9 2 3 2317.1726648638028
9 2 4 3432.848392390819
9 2 5 6007.4846866839325
9 2 6 12967.584802256317
9 3 1 . 
9 3 2 . 
9 3 3 . 
9 3 4 . 
9 3 5 . 
9 3 6 . 
10 1 1 36.16974079999999
10 1 2 122.97711871999996
10 1 3 195.31660031999994
10 1 4 289.35792639999994
10 1 5 506.3763711999999
10 1 6 1093.0495669759996
10 2 1 429.10604904885236
10 2 2 1458.9605667660978
10 2 3 2317.1726648638028
10 2 4 3432.848392390819
10 2 5 6007.4846866839325
10 2 6 12967.584802256317
10 3 1 . 
10 3 2 . 
10 3 3 . 
10 3 4 . 
10 3 5 . 
10 3 6 . ;

# 23 stopping costs
param C_stop_2 :=
1 1 20.0
1 2 24.0
1 3 22.0
1 4 22.0
1 5 26.0
1 6 21.0
1 7 25.0
1 8 21.0
1 9 28.0
1 10 28.0
1 11 30.0
2 1 20.0
2 2 24.0
2 3 22.0
2 4 22.0
2 5 26.0
2 6 21.0
2 7 25.0
2 8 21.0
2 9 28.0
2 10 28.0
2 11 30.0
3 1 20.0
3 2 24.0
3 3 22.0
3 4 22.0
3 5 26.0
3 6 21.0
3 7 25.0
3 8 21.0
3 9 28.0
3 10 28.0
3 11 30.0
4 1 30.0
4 2 36.0
4 3 33.0
4 4 33.0
4 5 39.0
4 6 31.5
4 7 37.5
4 8 31.5
4 9 42.0
4 10 42.0
4 11 45.0
5 1 30.0
5 2 36.0
5 3 33.0
5 4 33.0
5 5 39.0
5 6 31.5
5 7 37.5
5 8 31.5
5 9 42.0
5 10 42.0
5 11 45.0
6 1 30.0
6 2 36.0
6 3 33.0
6 4 33.0
6 5 39.0
6 6 31.5
6 7 37.5
6 8 31.5
6 9 42.0
6 10 42.0
6 11 45.0
7 1 40.0
7 2 48.0
7 3 44.0
7 4 44.0
7 5 52.0
7 6 42.0
7 7 50.0
7 8 42.0
7 9 56.0
7 10 56.0
7 11 60.0
8 1 40.0
8 2 48.0
8 3 44.0
8 4 44.0
8 5 52.0
8 6 42.0
8 7 50.0
8 8 42.0
8 9 56.0
8 10 56.0
8 11 60.0
9 1 40.0
9 2 48.0
9 3 44.0
9 4 44.0
9 5 52.0
9 6 42.0
9 7 50.0
9 8 42.0
9 9 56.0
9 10 56.0
9 11 60.0
10 1 40.0
10 2 48.0
10 3 44.0
10 4 44.0
10 5 52.0
10 6 42.0
10 7 50.0
10 8 42.0
10 9 56.0
10 10 56.0
10 11 60.0 ;

# 24 cost of no transport
param C_2 :=
1 62467.74308682048
2 47416.72577030232
3 62310.35970471686
4 55548.30863993306
5 100135.57358626401
6 66873.72928241399
7 46080.43362662113
8 120709.67790087522
9 60784.676021073996
10 59464.280398009156
11 75261.56830077744
12 33985.966718233954
13 87290.04621994829
14 75616.44269624281
15 63521.51259940619
16 60659.60093759617
17 47084.51088889744
18 44468.399011262074
19 59549.01063309784
20 77198.32343386233 ;

# 25 timewindow amounts at location
param pi_2 :=
1 3
2 3
3 3
4 3
5 3
6 3
7 4
8 3
9 3
10 4
11 3 ;

# 26 timewindow lower bounds
param T_l_2 :=
1 1 0.0
1 2 420.0
1 3 1440.0
1 4 . 
2 1 0.0
2 2 360.0
2 3 1440.0
2 4 . 
3 1 120.0
3 2 420.0
3 3 1560.0
3 4 . 
4 1 120.0
4 2 1560.0
4 3 3000.0
4 4 . 
5 1 0.0
5 2 300.0
5 3 1440.0
5 4 . 
6 1 0.0
6 2 1440.0
6 3 2880.0
6 4 . 
7 1 0.0
7 2 1440.0
7 3 2880.0
7 4 4320.0
8 1 0.0
8 2 1440.0
8 3 2880.0
8 4 . 
9 1 0.0
9 2 300.0
9 3 1440.0
9 4 . 
10 1 60.0
10 2 1500.0
10 3 2940.0
10 4 4380.0
11 1 60.0
11 2 360.0
11 3 1500.0
11 4 . ;

# 27 timewindow upper bounds
param T_u_2 :=
1 1 300.0
1 2 720.0
1 3 1740.0
1 4 . 
2 1 240.0
2 2 600.0
2 3 1680.0
2 4 . 
3 1 300.0
3 2 660.0
3 3 1740.0
3 4 . 
4 1 300.0
4 2 1740.0
4 3 3180.0
4 4 . 
5 1 180.0
5 2 540.0
5 3 1620.0
5 4 . 
6 1 240.0
6 2 1620.0
6 3 3060.0
6 4 . 
7 1 180.0
7 2 1620.0
7 3 3060.0
7 4 4500.0
8 1 180.0
8 2 1620.0
8 3 3060.0
8 4 . 
9 1 180.0
9 2 600.0
9 3 1620.0
9 4 . 
10 1 360.0
10 2 1800.0
10 3 3240.0
10 4 4680.0
11 1 300.0
11 2 600.0
11 3 1740.0
11 4 . ;

# 28 Travel time
param T_2 :=
1 1 1 . 
1 1 2 763.3203422385369
1 1 3 267.4130031324837
1 1 4 268.0700980136271
1 1 5 316.99896265336906
1 1 6 864.5506234849591
1 1 7 742.2250384405766
1 1 8 219.2034531623164
1 1 9 483.5195355535557
1 1 10 447.5439536850715
1 1 11 223.57392826651102
1 2 1 763.3203422385369
1 2 2 . 
1 2 3 965.4774038245936
1 2 4 703.4595071296656
1 2 5 492.77522413012167
1 2 6 919.2692050820422
1 2 7 906.4460098457962
1 2 8 836.2614206402317
1 2 9 526.9041548893779
1 2 10 540.978414348015
1 2 11 891.923555235713
1 3 1 267.4130031324837
1 3 2 965.4774038245936
1 3 3 . 
1 3 4 1.8027756377319943
1 3 5 546.7596386242828
1 3 6 586.110553135081
1 3 7 578.461265980147
1 3 8 370.01053762929996
1 3 9 475.6085213069839
1 3 10 456.74378148713777
1 3 11 467.6770831768376
1 4 1 268.0700980136271
1 4 2 703.4595071296656
1 4 3 1.8027756377319943
1 4 4 . 
1 4 5 455.85136550579557
1 4 6 472.44644495284905
1 4 7 482.7947911840672
1 4 8 368.80919594481577
1 4 9 457.94129935396256
1 4 10 467.08452724731853
1 4 11 470.4756089025457
1 5 1 316.99896265336906
1 5 2 492.77522413012167
1 5 3 546.7596386242828
1 5 4 455.85136550579557
1 5 5 . 
1 5 6 948.6379484918156
1 5 7 951.4655226074436
1 5 8 366.87119973968805
1 5 9 505.5450304268353
1 5 10 387.40702703323694
1 5 11 490.09861681469016
1 6 1 864.5506234849591
1 6 2 919.2692050820422
1 6 3 586.110553135081
1 6 4 472.44644495284905
1 6 5 948.6379484918156
1 6 6 . 
1 6 7 3.82842712474619
1 6 8 896.6797903315057
1 6 9 450.7038941053178
1 6 10 360.43342748577965
1 6 11 1009.3694110286111
1 7 1 742.2250384405766
1 7 2 906.4460098457962
1 7 3 578.461265980147
1 7 4 482.7947911840672
1 7 5 951.4655226074436
1 7 6 3.82842712474619
1 7 7 . 
1 7 8 1052.22528254577
1 7 9 456.43966268387373
1 7 10 433.1670001665831
1 7 11 966.9150957338757
1 8 1 219.2034531623164
1 8 2 836.2614206402317
1 8 3 370.01053762929996
1 8 4 368.80919594481577
1 8 5 366.87119973968805
1 8 6 896.6797903315057
1 8 7 1052.22528254577
1 8 8 . 
1 8 9 658.0141265414732
1 8 10 759.1014466682992
1 8 11 2.692582403567252
1 9 1 483.5195355535557
1 9 2 526.9041548893779
1 9 3 475.6085213069839
1 9 4 457.94129935396256
1 9 5 505.5450304268353
1 9 6 450.7038941053178
1 9 7 456.43966268387373
1 9 8 658.0141265414732
1 9 9 . 
1 9 10 2.0
1 9 11 735.4710137764696
1 10 1 447.5439536850715
1 10 2 540.978414348015
1 10 3 456.74378148713777
1 10 4 467.08452724731853
1 10 5 387.40702703323694
1 10 6 360.43342748577965
1 10 7 433.1670001665831
1 10 8 759.1014466682992
1 10 9 2.0
1 10 10 . 
1 10 11 753.554558417203
1 11 1 223.57392826651102
1 11 2 891.923555235713
1 11 3 467.6770831768376
1 11 4 470.4756089025457
1 11 5 490.09861681469016
1 11 6 1009.3694110286111
1 11 7 966.9150957338757
1 11 8 2.692582403567252
1 11 9 735.4710137764696
1 11 10 753.554558417203
1 11 11 . 
2 1 1 . 
2 1 2 763.3203422385369
2 1 3 267.4130031324837
2 1 4 268.0700980136271
2 1 5 316.99896265336906
2 1 6 864.5506234849591
2 1 7 742.2250384405766
2 1 8 219.2034531623164
2 1 9 483.5195355535557
2 1 10 447.5439536850715
2 1 11 223.57392826651102
2 2 1 763.3203422385369
2 2 2 . 
2 2 3 965.4774038245936
2 2 4 703.4595071296656
2 2 5 492.77522413012167
2 2 6 919.2692050820422
2 2 7 906.4460098457962
2 2 8 836.2614206402317
2 2 9 526.9041548893779
2 2 10 540.978414348015
2 2 11 891.923555235713
2 3 1 267.4130031324837
2 3 2 965.4774038245936
2 3 3 . 
2 3 4 1.8027756377319943
2 3 5 546.7596386242828
2 3 6 586.110553135081
2 3 7 578.461265980147
2 3 8 370.01053762929996
2 3 9 475.6085213069839
2 3 10 456.74378148713777
2 3 11 467.6770831768376
2 4 1 268.0700980136271
2 4 2 703.4595071296656
2 4 3 1.8027756377319943
2 4 4 . 
2 4 5 455.85136550579557
2 4 6 472.44644495284905
2 4 7 482.7947911840672
2 4 8 368.80919594481577
2 4 9 457.94129935396256
2 4 10 467.08452724731853
2 4 11 470.4756089025457
2 5 1 316.99896265336906
2 5 2 492.77522413012167
2 5 3 546.7596386242828
2 5 4 455.85136550579557
2 5 5 . 
2 5 6 948.6379484918156
2 5 7 951.4655226074436
2 5 8 366.87119973968805
2 5 9 505.5450304268353
2 5 10 387.40702703323694
2 5 11 490.09861681469016
2 6 1 864.5506234849591
2 6 2 919.2692050820422
2 6 3 586.110553135081
2 6 4 472.44644495284905
2 6 5 948.6379484918156
2 6 6 . 
2 6 7 3.82842712474619
2 6 8 896.6797903315057
2 6 9 450.7038941053178
2 6 10 360.43342748577965
2 6 11 1009.3694110286111
2 7 1 742.2250384405766
2 7 2 906.4460098457962
2 7 3 578.461265980147
2 7 4 482.7947911840672
2 7 5 951.4655226074436
2 7 6 3.82842712474619
2 7 7 . 
2 7 8 1052.22528254577
2 7 9 456.43966268387373
2 7 10 433.1670001665831
2 7 11 966.9150957338757
2 8 1 219.2034531623164
2 8 2 836.2614206402317
2 8 3 370.01053762929996
2 8 4 368.80919594481577
2 8 5 366.87119973968805
2 8 6 896.6797903315057
2 8 7 1052.22528254577
2 8 8 . 
2 8 9 658.0141265414732
2 8 10 759.1014466682992
2 8 11 2.692582403567252
2 9 1 483.5195355535557
2 9 2 526.9041548893779
2 9 3 475.6085213069839
2 9 4 457.94129935396256
2 9 5 505.5450304268353
2 9 6 450.7038941053178
2 9 7 456.43966268387373
2 9 8 658.0141265414732
2 9 9 . 
2 9 10 2.0
2 9 11 735.4710137764696
2 10 1 447.5439536850715
2 10 2 540.978414348015
2 10 3 456.74378148713777
2 10 4 467.08452724731853
2 10 5 387.40702703323694
2 10 6 360.43342748577965
2 10 7 433.1670001665831
2 10 8 759.1014466682992
2 10 9 2.0
2 10 10 . 
2 10 11 753.554558417203
2 11 1 223.57392826651102
2 11 2 891.923555235713
2 11 3 467.6770831768376
2 11 4 470.4756089025457
2 11 5 490.09861681469016
2 11 6 1009.3694110286111
2 11 7 966.9150957338757
2 11 8 2.692582403567252
2 11 9 735.4710137764696
2 11 10 753.554558417203
2 11 11 . 
3 1 1 . 
3 1 2 763.3203422385369
3 1 3 267.4130031324837
3 1 4 268.0700980136271
3 1 5 316.99896265336906
3 1 6 864.5506234849591
3 1 7 742.2250384405766
3 1 8 219.2034531623164
3 1 9 483.5195355535557
3 1 10 447.5439536850715
3 1 11 223.57392826651102
3 2 1 763.3203422385369
3 2 2 . 
3 2 3 965.4774038245936
3 2 4 703.4595071296656
3 2 5 492.77522413012167
3 2 6 919.2692050820422
3 2 7 906.4460098457962
3 2 8 836.2614206402317
3 2 9 526.9041548893779
3 2 10 540.978414348015
3 2 11 891.923555235713
3 3 1 267.4130031324837
3 3 2 965.4774038245936
3 3 3 . 
3 3 4 1.8027756377319943
3 3 5 546.7596386242828
3 3 6 586.110553135081
3 3 7 578.461265980147
3 3 8 370.01053762929996
3 3 9 475.6085213069839
3 3 10 456.74378148713777
3 3 11 467.6770831768376
3 4 1 268.0700980136271
3 4 2 703.4595071296656
3 4 3 1.8027756377319943
3 4 4 . 
3 4 5 455.85136550579557
3 4 6 472.44644495284905
3 4 7 482.7947911840672
3 4 8 368.80919594481577
3 4 9 457.94129935396256
3 4 10 467.08452724731853
3 4 11 470.4756089025457
3 5 1 316.99896265336906
3 5 2 492.77522413012167
3 5 3 546.7596386242828
3 5 4 455.85136550579557
3 5 5 . 
3 5 6 948.6379484918156
3 5 7 951.4655226074436
3 5 8 366.87119973968805
3 5 9 505.5450304268353
3 5 10 387.40702703323694
3 5 11 490.09861681469016
3 6 1 864.5506234849591
3 6 2 919.2692050820422
3 6 3 586.110553135081
3 6 4 472.44644495284905
3 6 5 948.6379484918156
3 6 6 . 
3 6 7 3.82842712474619
3 6 8 896.6797903315057
3 6 9 450.7038941053178
3 6 10 360.43342748577965
3 6 11 1009.3694110286111
3 7 1 742.2250384405766
3 7 2 906.4460098457962
3 7 3 578.461265980147
3 7 4 482.7947911840672
3 7 5 951.4655226074436
3 7 6 3.82842712474619
3 7 7 . 
3 7 8 1052.22528254577
3 7 9 456.43966268387373
3 7 10 433.1670001665831
3 7 11 966.9150957338757
3 8 1 219.2034531623164
3 8 2 836.2614206402317
3 8 3 370.01053762929996
3 8 4 368.80919594481577
3 8 5 366.87119973968805
3 8 6 896.6797903315057
3 8 7 1052.22528254577
3 8 8 . 
3 8 9 658.0141265414732
3 8 10 759.1014466682992
3 8 11 2.692582403567252
3 9 1 483.5195355535557
3 9 2 526.9041548893779
3 9 3 475.6085213069839
3 9 4 457.94129935396256
3 9 5 505.5450304268353
3 9 6 450.7038941053178
3 9 7 456.43966268387373
3 9 8 658.0141265414732
3 9 9 . 
3 9 10 2.0
3 9 11 735.4710137764696
3 10 1 447.5439536850715
3 10 2 540.978414348015
3 10 3 456.74378148713777
3 10 4 467.08452724731853
3 10 5 387.40702703323694
3 10 6 360.43342748577965
3 10 7 433.1670001665831
3 10 8 759.1014466682992
3 10 9 2.0
3 10 10 . 
3 10 11 753.554558417203
3 11 1 223.57392826651102
3 11 2 891.923555235713
3 11 3 467.6770831768376
3 11 4 470.4756089025457
3 11 5 490.09861681469016
3 11 6 1009.3694110286111
3 11 7 966.9150957338757
3 11 8 2.692582403567252
3 11 9 735.4710137764696
3 11 10 753.554558417203
3 11 11 . 
4 1 1 . 
4 1 2 782.4033507945003
4 1 3 274.0983282107958
4 1 4 274.7718504639678
4 1 5 324.92393671970325
4 1 6 886.164389072083
4 1 7 760.7806644015909
4 1 8 224.6835394913743
4 1 9 495.60752394239455
4 1 10 458.7325525271982
4 1 11 229.16327647317377
4 2 1 782.4033507945003
4 2 2 . 
4 2 3 989.6143389202083
4 2 4 721.0459948079072
4 2 5 505.0946047333747
4 2 6 942.2509352090931
4 2 7 929.1071600919411
4 2 8 857.1679561562374
4 2 9 540.0767587616123
4 2 10 554.5028747067154
4 2 11 914.2216441166057
4 3 1 274.0983282107958
4 3 2 989.6143389202083
4 3 3 . 
4 3 4 1.847845028675294
4 3 5 560.4286295898899
4 3 6 600.7633169634579
4 3 7 592.9227976296506
4 3 8 379.2608010700324
4 3 9 487.4987343396585
4 3 10 468.1623760243162
4 3 11 479.3690102562585
4 4 1 274.7718504639678
4 4 2 721.0459948079072
4 4 3 1.847845028675294
4 4 4 . 
4 4 5 467.2476496434404
4 4 6 484.25760607667024
4 4 7 494.8646609636688
4 4 8 378.0294258434361
4 4 9 469.3898318378116
4 4 10 478.76164042850144
4 4 11 482.23749912510925
4 5 1 324.92393671970325
4 5 2 505.0946047333747
4 5 3 560.4286295898899
4 5 4 467.2476496434404
4 5 5 . 
4 5 6 972.3538972041109
4 5 7 975.2521606726297
4 5 8 376.04297973318023
4 5 9 518.1836561875061
4 5 10 397.0922027090678
4 5 11 502.3510822350574
4 6 1 886.164389072083
4 6 2 942.2509352090931
4 6 3 600.7633169634579
4 6 4 484.25760607667024
4 6 5 972.3538972041109
4 6 6 . 
4 6 7 3.9241378028648444
4 6 8 919.0967850897933
4 6 9 461.97149145795066
4 6 10 369.4442631729241
4 6 11 1034.6036463043263
4 7 1 760.7806644015909
4 7 2 929.1071600919411
4 7 3 592.9227976296506
4 7 4 494.8646609636688
4 7 5 975.2521606726297
4 7 6 3.9241378028648444
4 7 7 . 
4 7 8 1078.5309146094141
4 7 9 467.85065425097054
4 7 10 443.9961751707476
4 7 11 991.0879731272224
4 8 1 224.6835394913743
4 8 2 857.1679561562374
4 8 3 379.2608010700324
4 8 4 378.0294258434361
4 8 5 376.04297973318023
4 8 6 919.0967850897933
4 8 7 1078.5309146094141
4 8 8 . 
4 8 9 674.4644797050099
4 8 10 778.0789828350066
4 8 11 2.7598969636564328
4 9 1 495.60752394239455
4 9 2 540.0767587616123
4 9 3 487.4987343396585
4 9 4 469.3898318378116
4 9 5 518.1836561875061
4 9 6 461.97149145795066
4 9 7 467.85065425097054
4 9 8 674.4644797050099
4 9 9 . 
4 9 10 2.05
4 9 11 753.8577891208813
4 10 1 458.7325525271982
4 10 2 554.5028747067154
4 10 3 468.1623760243162
4 10 4 478.76164042850144
4 10 5 397.0922027090678
4 10 6 369.4442631729241
4 10 7 443.9961751707476
4 10 8 778.0789828350066
4 10 9 2.05
4 10 10 . 
4 10 11 772.393422377633
4 11 1 229.16327647317377
4 11 2 914.2216441166057
4 11 3 479.3690102562585
4 11 4 482.23749912510925
4 11 5 502.3510822350574
4 11 6 1034.6036463043263
4 11 7 991.0879731272224
4 11 8 2.7598969636564328
4 11 9 753.8577891208813
4 11 10 772.393422377633
4 11 11 . 
5 1 1 . 
5 1 2 782.4033507945003
5 1 3 274.0983282107958
5 1 4 274.7718504639678
5 1 5 324.92393671970325
5 1 6 886.164389072083
5 1 7 760.7806644015909
5 1 8 224.6835394913743
5 1 9 495.60752394239455
5 1 10 458.7325525271982
5 1 11 229.16327647317377
5 2 1 782.4033507945003
5 2 2 . 
5 2 3 989.6143389202083
5 2 4 721.0459948079072
5 2 5 505.0946047333747
5 2 6 942.2509352090931
5 2 7 929.1071600919411
5 2 8 857.1679561562374
5 2 9 540.0767587616123
5 2 10 554.5028747067154
5 2 11 914.2216441166057
5 3 1 274.0983282107958
5 3 2 989.6143389202083
5 3 3 . 
5 3 4 1.847845028675294
5 3 5 560.4286295898899
5 3 6 600.7633169634579
5 3 7 592.9227976296506
5 3 8 379.2608010700324
5 3 9 487.4987343396585
5 3 10 468.1623760243162
5 3 11 479.3690102562585
5 4 1 274.7718504639678
5 4 2 721.0459948079072
5 4 3 1.847845028675294
5 4 4 . 
5 4 5 467.2476496434404
5 4 6 484.25760607667024
5 4 7 494.8646609636688
5 4 8 378.0294258434361
5 4 9 469.3898318378116
5 4 10 478.76164042850144
5 4 11 482.23749912510925
5 5 1 324.92393671970325
5 5 2 505.0946047333747
5 5 3 560.4286295898899
5 5 4 467.2476496434404
5 5 5 . 
5 5 6 972.3538972041109
5 5 7 975.2521606726297
5 5 8 376.04297973318023
5 5 9 518.1836561875061
5 5 10 397.0922027090678
5 5 11 502.3510822350574
5 6 1 886.164389072083
5 6 2 942.2509352090931
5 6 3 600.7633169634579
5 6 4 484.25760607667024
5 6 5 972.3538972041109
5 6 6 . 
5 6 7 3.9241378028648444
5 6 8 919.0967850897933
5 6 9 461.97149145795066
5 6 10 369.4442631729241
5 6 11 1034.6036463043263
5 7 1 760.7806644015909
5 7 2 929.1071600919411
5 7 3 592.9227976296506
5 7 4 494.8646609636688
5 7 5 975.2521606726297
5 7 6 3.9241378028648444
5 7 7 . 
5 7 8 1078.5309146094141
5 7 9 467.85065425097054
5 7 10 443.9961751707476
5 7 11 991.0879731272224
5 8 1 224.6835394913743
5 8 2 857.1679561562374
5 8 3 379.2608010700324
5 8 4 378.0294258434361
5 8 5 376.04297973318023
5 8 6 919.0967850897933
5 8 7 1078.5309146094141
5 8 8 . 
5 8 9 674.4644797050099
5 8 10 778.0789828350066
5 8 11 2.7598969636564328
5 9 1 495.60752394239455
5 9 2 540.0767587616123
5 9 3 487.4987343396585
5 9 4 469.3898318378116
5 9 5 518.1836561875061
5 9 6 461.97149145795066
5 9 7 467.85065425097054
5 9 8 674.4644797050099
5 9 9 . 
5 9 10 2.05
5 9 11 753.8577891208813
5 10 1 458.7325525271982
5 10 2 554.5028747067154
5 10 3 468.1623760243162
5 10 4 478.76164042850144
5 10 5 397.0922027090678
5 10 6 369.4442631729241
5 10 7 443.9961751707476
5 10 8 778.0789828350066
5 10 9 2.05
5 10 10 . 
5 10 11 772.393422377633
5 11 1 229.16327647317377
5 11 2 914.2216441166057
5 11 3 479.3690102562585
5 11 4 482.23749912510925
5 11 5 502.3510822350574
5 11 6 1034.6036463043263
5 11 7 991.0879731272224
5 11 8 2.7598969636564328
5 11 9 753.8577891208813
5 11 10 772.393422377633
5 11 11 . 
6 1 1 . 
6 1 2 782.4033507945003
6 1 3 274.0983282107958
6 1 4 274.7718504639678
6 1 5 324.92393671970325
6 1 6 886.164389072083
6 1 7 760.7806644015909
6 1 8 224.6835394913743
6 1 9 495.60752394239455
6 1 10 458.7325525271982
6 1 11 229.16327647317377
6 2 1 782.4033507945003
6 2 2 . 
6 2 3 989.6143389202083
6 2 4 721.0459948079072
6 2 5 505.0946047333747
6 2 6 942.2509352090931
6 2 7 929.1071600919411
6 2 8 857.1679561562374
6 2 9 540.0767587616123
6 2 10 554.5028747067154
6 2 11 914.2216441166057
6 3 1 274.0983282107958
6 3 2 989.6143389202083
6 3 3 . 
6 3 4 1.847845028675294
6 3 5 560.4286295898899
6 3 6 600.7633169634579
6 3 7 592.9227976296506
6 3 8 379.2608010700324
6 3 9 487.4987343396585
6 3 10 468.1623760243162
6 3 11 479.3690102562585
6 4 1 274.7718504639678
6 4 2 721.0459948079072
6 4 3 1.847845028675294
6 4 4 . 
6 4 5 467.2476496434404
6 4 6 484.25760607667024
6 4 7 494.8646609636688
6 4 8 378.0294258434361
6 4 9 469.3898318378116
6 4 10 478.76164042850144
6 4 11 482.23749912510925
6 5 1 324.92393671970325
6 5 2 505.0946047333747
6 5 3 560.4286295898899
6 5 4 467.2476496434404
6 5 5 . 
6 5 6 972.3538972041109
6 5 7 975.2521606726297
6 5 8 376.04297973318023
6 5 9 518.1836561875061
6 5 10 397.0922027090678
6 5 11 502.3510822350574
6 6 1 886.164389072083
6 6 2 942.2509352090931
6 6 3 600.7633169634579
6 6 4 484.25760607667024
6 6 5 972.3538972041109
6 6 6 . 
6 6 7 3.9241378028648444
6 6 8 919.0967850897933
6 6 9 461.97149145795066
6 6 10 369.4442631729241
6 6 11 1034.6036463043263
6 7 1 760.7806644015909
6 7 2 929.1071600919411
6 7 3 592.9227976296506
6 7 4 494.8646609636688
6 7 5 975.2521606726297
6 7 6 3.9241378028648444
6 7 7 . 
6 7 8 1078.5309146094141
6 7 9 467.85065425097054
6 7 10 443.9961751707476
6 7 11 991.0879731272224
6 8 1 224.6835394913743
6 8 2 857.1679561562374
6 8 3 379.2608010700324
6 8 4 378.0294258434361
6 8 5 376.04297973318023
6 8 6 919.0967850897933
6 8 7 1078.5309146094141
6 8 8 . 
6 8 9 674.4644797050099
6 8 10 778.0789828350066
6 8 11 2.7598969636564328
6 9 1 495.60752394239455
6 9 2 540.0767587616123
6 9 3 487.4987343396585
6 9 4 469.3898318378116
6 9 5 518.1836561875061
6 9 6 461.97149145795066
6 9 7 467.85065425097054
6 9 8 674.4644797050099
6 9 9 . 
6 9 10 2.05
6 9 11 753.8577891208813
6 10 1 458.7325525271982
6 10 2 554.5028747067154
6 10 3 468.1623760243162
6 10 4 478.76164042850144
6 10 5 397.0922027090678
6 10 6 369.4442631729241
6 10 7 443.9961751707476
6 10 8 778.0789828350066
6 10 9 2.05
6 10 10 . 
6 10 11 772.393422377633
6 11 1 229.16327647317377
6 11 2 914.2216441166057
6 11 3 479.3690102562585
6 11 4 482.23749912510925
6 11 5 502.3510822350574
6 11 6 1034.6036463043263
6 11 7 991.0879731272224
6 11 8 2.7598969636564328
6 11 9 753.8577891208813
6 11 10 772.393422377633
6 11 11 . 
7 1 1 . 
7 1 2 801.4863593504638
7 1 3 280.7836532891079
7 1 4 281.47360291430846
7 1 5 332.84891078603755
7 1 6 907.7781546592072
7 1 7 779.3362903626054
7 1 8 230.16362582043223
7 1 9 507.69551233123354
7 1 10 469.92115136932506
7 1 11 234.75262467983657
7 2 1 801.4863593504638
7 2 2 . 
7 2 3 1013.7512740158234
7 2 4 738.6324824861489
7 2 5 517.4139853366278
7 2 6 965.2326653361444
7 2 7 951.768310338086
7 2 8 878.0744916722433
7 2 9 553.2493626338468
7 2 10 568.0273350654157
7 2 11 936.5197329974987
7 3 1 280.7836532891079
7 3 2 1013.7512740158234
7 3 3 . 
7 3 4 1.892914419618594
7 3 5 574.097620555497
7 3 6 615.416080791835
7 3 7 607.3843292791544
7 3 8 388.511064510765
7 3 9 499.3889473723331
7 3 10 479.58097056149467
7 3 11 491.0609373356795
7 4 1 281.47360291430846
7 4 2 738.6324824861489
7 4 3 1.892914419618594
7 4 4 . 
7 4 5 478.64393378108537
7 4 6 496.06876720049155
7 4 7 506.9345307432706
7 4 8 387.2496557420566
7 4 9 480.8383643216607
7 4 10 490.43875360968445
7 4 11 493.999389347673
7 5 1 332.84891078603755
7 5 2 517.4139853366278
7 5 3 574.097620555497
7 5 4 478.64393378108537
7 5 5 . 
7 5 6 996.0698459164064
7 5 7 999.0387987378159
7 5 8 385.21475972667247
7 5 9 530.8222819481771
7 5 10 406.7773783848988
7 5 11 514.6035476554247
7 6 1 907.7781546592072
7 6 2 965.2326653361444
7 6 3 615.416080791835
7 6 4 496.06876720049155
7 6 5 996.0698459164064
7 6 6 . 
7 6 7 4.0198484809835
7 6 8 941.5137798480811
7 6 9 473.23908881058367
7 6 10 378.45509886006863
7 6 11 1059.8378815800418
7 7 1 779.3362903626054
7 7 2 951.768310338086
7 7 3 607.3843292791544
7 7 4 506.9345307432706
7 7 5 999.0387987378159
7 7 6 4.0198484809835
7 7 7 . 
7 7 8 1104.8365466730584
7 7 9 479.26164581806745
7 7 10 454.8253501749123
7 7 11 1015.2608505205695
7 8 1 230.16362582043223
7 8 2 878.0744916722433
7 8 3 388.511064510765
7 8 4 387.2496557420566
7 8 5 385.21475972667247
7 8 6 941.5137798480811
7 8 7 1104.8365466730584
7 8 8 . 
7 8 9 690.9148328685468
7 8 10 797.0565190017143
7 8 11 2.8272115237456146
7 9 1 507.69551233123354
7 9 2 553.2493626338468
7 9 3 499.3889473723331
7 9 4 480.8383643216607
7 9 5 530.8222819481771
7 9 6 473.23908881058367
7 9 7 479.26164581806745
7 9 8 690.9148328685468
7 9 9 . 
7 9 10 2.1
7 9 11 772.2445644652931
7 10 1 469.92115136932506
7 10 2 568.0273350654157
7 10 3 479.58097056149467
7 10 4 490.43875360968445
7 10 5 406.7773783848988
7 10 6 378.45509886006863
7 10 7 454.8253501749123
7 10 8 797.0565190017143
7 10 9 2.1
7 10 10 . 
7 10 11 791.2322863380632
7 11 1 234.75262467983657
7 11 2 936.5197329974987
7 11 3 491.0609373356795
7 11 4 493.999389347673
7 11 5 514.6035476554247
7 11 6 1059.8378815800418
7 11 7 1015.2608505205695
7 11 8 2.8272115237456146
7 11 9 772.2445644652931
7 11 10 791.2322863380632
7 11 11 . 
8 1 1 . 
8 1 2 801.4863593504638
8 1 3 280.7836532891079
8 1 4 281.47360291430846
8 1 5 332.84891078603755
8 1 6 907.7781546592072
8 1 7 779.3362903626054
8 1 8 230.16362582043223
8 1 9 507.69551233123354
8 1 10 469.92115136932506
8 1 11 234.75262467983657
8 2 1 801.4863593504638
8 2 2 . 
8 2 3 1013.7512740158234
8 2 4 738.6324824861489
8 2 5 517.4139853366278
8 2 6 965.2326653361444
8 2 7 951.768310338086
8 2 8 878.0744916722433
8 2 9 553.2493626338468
8 2 10 568.0273350654157
8 2 11 936.5197329974987
8 3 1 280.7836532891079
8 3 2 1013.7512740158234
8 3 3 . 
8 3 4 1.892914419618594
8 3 5 574.097620555497
8 3 6 615.416080791835
8 3 7 607.3843292791544
8 3 8 388.511064510765
8 3 9 499.3889473723331
8 3 10 479.58097056149467
8 3 11 491.0609373356795
8 4 1 281.47360291430846
8 4 2 738.6324824861489
8 4 3 1.892914419618594
8 4 4 . 
8 4 5 478.64393378108537
8 4 6 496.06876720049155
8 4 7 506.9345307432706
8 4 8 387.2496557420566
8 4 9 480.8383643216607
8 4 10 490.43875360968445
8 4 11 493.999389347673
8 5 1 332.84891078603755
8 5 2 517.4139853366278
8 5 3 574.097620555497
8 5 4 478.64393378108537
8 5 5 . 
8 5 6 996.0698459164064
8 5 7 999.0387987378159
8 5 8 385.21475972667247
8 5 9 530.8222819481771
8 5 10 406.7773783848988
8 5 11 514.6035476554247
8 6 1 907.7781546592072
8 6 2 965.2326653361444
8 6 3 615.416080791835
8 6 4 496.06876720049155
8 6 5 996.0698459164064
8 6 6 . 
8 6 7 4.0198484809835
8 6 8 941.5137798480811
8 6 9 473.23908881058367
8 6 10 378.45509886006863
8 6 11 1059.8378815800418
8 7 1 779.3362903626054
8 7 2 951.768310338086
8 7 3 607.3843292791544
8 7 4 506.9345307432706
8 7 5 999.0387987378159
8 7 6 4.0198484809835
8 7 7 . 
8 7 8 1104.8365466730584
8 7 9 479.26164581806745
8 7 10 454.8253501749123
8 7 11 1015.2608505205695
8 8 1 230.16362582043223
8 8 2 878.0744916722433
8 8 3 388.511064510765
8 8 4 387.2496557420566
8 8 5 385.21475972667247
8 8 6 941.5137798480811
8 8 7 1104.8365466730584
8 8 8 . 
8 8 9 690.9148328685468
8 8 10 797.0565190017143
8 8 11 2.8272115237456146
8 9 1 507.69551233123354
8 9 2 553.2493626338468
8 9 3 499.3889473723331
8 9 4 480.8383643216607
8 9 5 530.8222819481771
8 9 6 473.23908881058367
8 9 7 479.26164581806745
8 9 8 690.9148328685468
8 9 9 . 
8 9 10 2.1
8 9 11 772.2445644652931
8 10 1 469.92115136932506
8 10 2 568.0273350654157
8 10 3 479.58097056149467
8 10 4 490.43875360968445
8 10 5 406.7773783848988
8 10 6 378.45509886006863
8 10 7 454.8253501749123
8 10 8 797.0565190017143
8 10 9 2.1
8 10 10 . 
8 10 11 791.2322863380632
8 11 1 234.75262467983657
8 11 2 936.5197329974987
8 11 3 491.0609373356795
8 11 4 493.999389347673
8 11 5 514.6035476554247
8 11 6 1059.8378815800418
8 11 7 1015.2608505205695
8 11 8 2.8272115237456146
8 11 9 772.2445644652931
8 11 10 791.2322863380632
8 11 11 . 
9 1 1 . 
9 1 2 801.4863593504638
9 1 3 280.7836532891079
9 1 4 281.47360291430846
9 1 5 332.84891078603755
9 1 6 907.7781546592072
9 1 7 779.3362903626054
9 1 8 230.16362582043223
9 1 9 507.69551233123354
9 1 10 469.92115136932506
9 1 11 234.75262467983657
9 2 1 801.4863593504638
9 2 2 . 
9 2 3 1013.7512740158234
9 2 4 738.6324824861489
9 2 5 517.4139853366278
9 2 6 965.2326653361444
9 2 7 951.768310338086
9 2 8 878.0744916722433
9 2 9 553.2493626338468
9 2 10 568.0273350654157
9 2 11 936.5197329974987
9 3 1 280.7836532891079
9 3 2 1013.7512740158234
9 3 3 . 
9 3 4 1.892914419618594
9 3 5 574.097620555497
9 3 6 615.416080791835
9 3 7 607.3843292791544
9 3 8 388.511064510765
9 3 9 499.3889473723331
9 3 10 479.58097056149467
9 3 11 491.0609373356795
9 4 1 281.47360291430846
9 4 2 738.6324824861489
9 4 3 1.892914419618594
9 4 4 . 
9 4 5 478.64393378108537
9 4 6 496.06876720049155
9 4 7 506.9345307432706
9 4 8 387.2496557420566
9 4 9 480.8383643216607
9 4 10 490.43875360968445
9 4 11 493.999389347673
9 5 1 332.84891078603755
9 5 2 517.4139853366278
9 5 3 574.097620555497
9 5 4 478.64393378108537
9 5 5 . 
9 5 6 996.0698459164064
9 5 7 999.0387987378159
9 5 8 385.21475972667247
9 5 9 530.8222819481771
9 5 10 406.7773783848988
9 5 11 514.6035476554247
9 6 1 907.7781546592072
9 6 2 965.2326653361444
9 6 3 615.416080791835
9 6 4 496.06876720049155
9 6 5 996.0698459164064
9 6 6 . 
9 6 7 4.0198484809835
9 6 8 941.5137798480811
9 6 9 473.23908881058367
9 6 10 378.45509886006863
9 6 11 1059.8378815800418
9 7 1 779.3362903626054
9 7 2 951.768310338086
9 7 3 607.3843292791544
9 7 4 506.9345307432706
9 7 5 999.0387987378159
9 7 6 4.0198484809835
9 7 7 . 
9 7 8 1104.8365466730584
9 7 9 479.26164581806745
9 7 10 454.8253501749123
9 7 11 1015.2608505205695
9 8 1 230.16362582043223
9 8 2 878.0744916722433
9 8 3 388.511064510765
9 8 4 387.2496557420566
9 8 5 385.21475972667247
9 8 6 941.5137798480811
9 8 7 1104.8365466730584
9 8 8 . 
9 8 9 690.9148328685468
9 8 10 797.0565190017143
9 8 11 2.8272115237456146
9 9 1 507.69551233123354
9 9 2 553.2493626338468
9 9 3 499.3889473723331
9 9 4 480.8383643216607
9 9 5 530.8222819481771
9 9 6 473.23908881058367
9 9 7 479.26164581806745
9 9 8 690.9148328685468
9 9 9 . 
9 9 10 2.1
9 9 11 772.2445644652931
9 10 1 469.92115136932506
9 10 2 568.0273350654157
9 10 3 479.58097056149467
9 10 4 490.43875360968445
9 10 5 406.7773783848988
9 10 6 378.45509886006863
9 10 7 454.8253501749123
9 10 8 797.0565190017143
9 10 9 2.1
9 10 10 . 
9 10 11 791.2322863380632
9 11 1 234.75262467983657
9 11 2 936.5197329974987
9 11 3 491.0609373356795
9 11 4 493.999389347673
9 11 5 514.6035476554247
9 11 6 1059.8378815800418
9 11 7 1015.2608505205695
9 11 8 2.8272115237456146
9 11 9 772.2445644652931
9 11 10 791.2322863380632
9 11 11 . 
10 1 1 . 
10 1 2 801.4863593504638
10 1 3 280.7836532891079
10 1 4 281.47360291430846
10 1 5 332.84891078603755
10 1 6 907.7781546592072
10 1 7 779.3362903626054
10 1 8 230.16362582043223
10 1 9 507.69551233123354
10 1 10 469.92115136932506
10 1 11 234.75262467983657
10 2 1 801.4863593504638
10 2 2 . 
10 2 3 1013.7512740158234
10 2 4 738.6324824861489
10 2 5 517.4139853366278
10 2 6 965.2326653361444
10 2 7 951.768310338086
10 2 8 878.0744916722433
10 2 9 553.2493626338468
10 2 10 568.0273350654157
10 2 11 936.5197329974987
10 3 1 280.7836532891079
10 3 2 1013.7512740158234
10 3 3 . 
10 3 4 1.892914419618594
10 3 5 574.097620555497
10 3 6 615.416080791835
10 3 7 607.3843292791544
10 3 8 388.511064510765
10 3 9 499.3889473723331
10 3 10 479.58097056149467
10 3 11 491.0609373356795
10 4 1 281.47360291430846
10 4 2 738.6324824861489
10 4 3 1.892914419618594
10 4 4 . 
10 4 5 478.64393378108537
10 4 6 496.06876720049155
10 4 7 506.9345307432706
10 4 8 387.2496557420566
10 4 9 480.8383643216607
10 4 10 490.43875360968445
10 4 11 493.999389347673
10 5 1 332.84891078603755
10 5 2 517.4139853366278
10 5 3 574.097620555497
10 5 4 478.64393378108537
10 5 5 . 
10 5 6 996.0698459164064
10 5 7 999.0387987378159
10 5 8 385.21475972667247
10 5 9 530.8222819481771
10 5 10 406.7773783848988
10 5 11 514.6035476554247
10 6 1 907.7781546592072
10 6 2 965.2326653361444
10 6 3 615.416080791835
10 6 4 496.06876720049155
10 6 5 996.0698459164064
10 6 6 . 
10 6 7 4.0198484809835
10 6 8 941.5137798480811
10 6 9 473.23908881058367
10 6 10 378.45509886006863
10 6 11 1059.8378815800418
10 7 1 779.3362903626054
10 7 2 951.768310338086
10 7 3 607.3843292791544
10 7 4 506.9345307432706
10 7 5 999.0387987378159
10 7 6 4.0198484809835
10 7 7 . 
10 7 8 1104.8365466730584
10 7 9 479.26164581806745
10 7 10 454.8253501749123
10 7 11 1015.2608505205695
10 8 1 230.16362582043223
10 8 2 878.0744916722433
10 8 3 388.511064510765
10 8 4 387.2496557420566
10 8 5 385.21475972667247
10 8 6 941.5137798480811
10 8 7 1104.8365466730584
10 8 8 . 
10 8 9 690.9148328685468
10 8 10 797.0565190017143
10 8 11 2.8272115237456146
10 9 1 507.69551233123354
10 9 2 553.2493626338468
10 9 3 499.3889473723331
10 9 4 480.8383643216607
10 9 5 530.8222819481771
10 9 6 473.23908881058367
10 9 7 479.26164581806745
10 9 8 690.9148328685468
10 9 9 . 
10 9 10 2.1
10 9 11 772.2445644652931
10 10 1 469.92115136932506
10 10 2 568.0273350654157
10 10 3 479.58097056149467
10 10 4 490.43875360968445
10 10 5 406.7773783848988
10 10 6 378.45509886006863
10 10 7 454.8253501749123
10 10 8 797.0565190017143
10 10 9 2.1
10 10 10 . 
10 10 11 791.2322863380632
10 11 1 234.75262467983657
10 11 2 936.5197329974987
10 11 3 491.0609373356795
10 11 4 493.999389347673
10 11 5 514.6035476554247
10 11 6 1059.8378815800418
10 11 7 1015.2608505205695
10 11 8 2.8272115237456146
10 11 9 772.2445644652931
10 11 10 791.2322863380632
10 11 11 . ;

# 29 Travel distance
param D_2 :=
1 1 . 
1 2 1278.6406844770738
1 3 456.82600626496736
1 4 460.14019602725426
1 5 481.99792530673824
1 6 1279.1012469699183
1 7 1284.450076881153
1 8 350.4069063246328
1 9 819.0390711071115
1 10 819.0879073701431
1 11 355.14785653302204
2 1 1278.6406844770738
2 2 . 
2 3 1382.9548076491872
2 4 1382.919014259331
2 5 889.5504482602435
2 6 1324.5384101640843
2 7 1328.8920196915926
2 8 1592.5228412804634
2 9 779.8083097787559
2 10 775.95682869603
2 11 1595.847110471426
3 1 456.82600626496736
3 2 1382.9548076491872
3 3 . 
3 4 3.605551275463989
3 5 823.5192772485657
3 6 918.221106270162
3 7 922.922531960294
3 8 688.0210752585999
3 9 691.2170426139679
3 10 693.4875629742756
3 11 693.3541663536753
4 1 460.14019602725426
4 2 1382.919014259331
4 3 3.605551275463989
4 4 . 
4 5 825.7027310115911
4 6 914.8928899056982
4 7 919.5895823681345
4 8 691.6183918896315
4 9 689.8825987079251
4 10 692.1690544946372
4 11 696.9512178050915
5 1 481.99792530673824
5 2 889.5504482602435
5 3 823.5192772485657
5 4 825.7027310115911
5 5 . 
5 6 1379.2758969836311
5 7 1384.9310452148873
5 8 727.7423994793762
5 9 755.0900608536706
5 10 752.814054066474
5 11 730.1972336293804
6 1 1279.1012469699183
6 2 1324.5384101640843
6 3 918.221106270162
6 4 914.8928899056982
6 5 1379.2758969836311
6 6 . 
6 7 5.656854249492381
6 8 1585.3595806630117
6 9 657.4077882106357
6 10 660.8668549715593
6 11 1590.7388220572225
7 1 1284.450076881153
7 2 1328.8920196915926
7 3 922.922531960294
7 4 919.5895823681345
7 5 1384.9310452148873
7 6 5.656854249492381
7 7 . 
7 8 1590.4505650915403
7 9 662.8793253677475
7 10 666.3340003331663
7 11 1595.8301914677513
8 1 350.4069063246328
8 2 1592.5228412804634
8 3 688.0210752585999
8 4 691.6183918896315
8 5 727.7423994793762
8 6 1585.3595806630117
8 7 1590.4505650915403
8 8 . 
8 9 1168.0282530829465
8 10 1168.2028933365984
8 11 5.385164807134504
9 1 819.0390711071115
9 2 779.8083097787559
9 3 691.2170426139679
9 4 689.8825987079251
9 5 755.0900608536706
9 6 657.4077882106357
9 7 662.8793253677475
9 8 1168.0282530829465
9 9 . 
9 10 4.0
9 11 1172.9420275529392
10 1 819.0879073701431
10 2 775.95682869603
10 3 693.4875629742756
10 4 692.1690544946372
10 5 752.814054066474
10 6 660.8668549715593
10 7 666.3340003331663
10 8 1168.2028933365984
10 9 4.0
10 10 . 
10 11 1173.109116834406
11 1 355.14785653302204
11 2 1595.847110471426
11 3 693.3541663536753
11 4 696.9512178050915
11 5 730.1972336293804
11 6 1590.7388220572225
11 7 1595.8301914677513
11 8 5.385164807134504
11 9 1172.9420275529392
11 10 1173.109116834406
11 11 . ;

