# 1 amount of Vehicles
param nv :=
6 ;

# 2 amount of Orders
param no :=
10 ;

# 3 amount of locations
param nl :=
7 ;

# 4 amount of factories
param nf :=
3 ;

# 5 factory sets
set N_f_2[1] :=  4 7 ;
set N_f_2[2] :=  5 ;
set N_f_2[3] :=  6 ;

# 6 factory stop capacities
param H :=
1 1
2 1
3 1 ;

# 7 pickup locations for each order
param L_pd :=
1 2
2 1
3 3
4 3
5 3
6 2
7 3
8 3
9 3
10 2 ;

# 8 delivery locations for each order
param L_dd :=
1 5
2 4
3 7
4 6
5 7
6 7
7 6
8 6
9 7
10 7 ;

# 9 location sets
set L_2[1] :=  2 ;
set L_2[2] :=  1 6 10 ;
set L_2[3] :=  3 4 5 7 8 9 ;
set L_2[4] :=  2 ;
set L_2[5] :=  1 ;
set L_2[6] :=  4 7 8 ;
set L_2[7] :=  3 5 6 9 10 ;

# 10 order weights
param Q_kg_2 :=
1 1836.329166720231
2 786.0621552288966
3 1550.164192399951
4 88.34911854224747
5 910.7791144025358
6 1710.7110902884558
7 1878.2144475360285
8 1974.7397332817852
9 931.1364483974381
10 17199.351404889094 ;

# 11 order volumes
param Q_vol_2 :=
1 8.881981663154763
2 17.532402143045676
3 18.679147083828216
4 0.19955667168688318
5 7.430750196999009
6 5.257166216449232
7 19.432452987536944
8 18.4507809847228
9 2.6152488359644828
10 43.48306906890295 ;

# 12 Locations vehicle can visit
set N_v_2[1] := 1 2 3 4 5 6 7 ;
set N_v_2[2] := 1 2 3 4 5 6 7 ;
set N_v_2[3] := 1 2 3 4 5 6 7 ;
set N_v_2[4] := 1 2 3 4 5 6 7 ;
set N_v_2[5] := 1 2 3 4 5 6 7 ;
set N_v_2[6] := 1 2 3 4 5 6 7 ;

# 13 Orders vehicles can pick up
set N_vp_2[1] := 1 2 3 4 5 6 8 9 ;
set N_vp_2[2] := 1 2 3 4 5 6 8 9 ;
set N_vp_2[3] := 1 2 3 4 5 6 7 8 9 10 ;
set N_vp_2[4] := 1 2 3 4 5 6 7 8 9 10 ;
set N_vp_2[5] := 1 2 3 4 5 6 7 8 9 10 ;
set N_vp_2[6] := 1 2 3 4 5 6 7 8 9 10 ;

# 14 vehicle weight capacity
param K_kg :=
1 12000.0
2 12000.0
3 18000.0
4 18000.0
5 24000.0
6 24000.0 ;

# 15 vehicle volume capacity
param K_vol :=
1 55.0
2 55.0
3 71.0
4 71.0
5 102.0
6 102.0 ;

# 16 amount of distance intervals
param na :=
1 2
2 2
3 2
4 2
5 2
6 2 ;

# 17 amount of weight intervals
param nb :=
1 3
2 3
3 3
4 3
5 3
6 3 ;

# 18 Distance intervals
param B_2 :=
1 1 1500.0
1 2 9999999.0
2 1 1500.0
2 2 9999999.0
3 1 1500.0
3 2 9999999.0
4 1 1500.0
4 2 9999999.0
5 1 1500.0
5 2 9999999.0
6 1 1500.0
6 2 9999999.0 ;

# 19 Weight intervals
param Z_2 :=
1 1 700.0
1 2 3000.0
1 3 24000.0
2 1 700.0
2 2 3000.0
2 3 24000.0
3 1 700.0
3 2 3000.0
3 3 24000.0
4 1 700.0
4 2 3000.0
4 3 24000.0
5 1 700.0
5 2 3000.0
5 3 24000.0
6 1 700.0
6 2 3000.0
6 3 24000.0 ;

# 20 cost per kilometer
param C_km :=
1 1 1 0.08247985839843748
1 1 2 0.15701783512579273
1 1 3 0.3723393221028571
1 2 1 0.05498657226562501
1 2 2 0.10467855675052853
1 2 3 0.2482262147352381
2 1 1 0.08247985839843748
2 1 2 0.15701783512579273
2 1 3 0.3723393221028571
2 2 1 0.05498657226562501
2 2 2 0.10467855675052853
2 2 3 0.2482262147352381
3 1 1 0.09622650146484377
3 1 2 0.18318747431342491
3 1 3 0.43439587578666683
3 2 1 0.060485229492187494
3 2 2 0.11514641242558135
3 2 3 0.2730488362087619
4 1 1 0.09622650146484377
4 1 2 0.18318747431342491
4 1 3 0.43439587578666683
4 2 1 0.060485229492187494
4 2 2 0.11514641242558135
4 2 3 0.2730488362087619
5 1 1 0.10997314453125002
5 1 2 0.20935711350105707
5 1 3 0.4964524294704762
5 2 1 0.06873321533203125
5 2 2 0.13084819593816063
5 2 3 0.3102827684190475
6 1 1 0.10997314453125002
6 1 2 0.20935711350105707
6 1 3 0.4964524294704762
6 2 1 0.06873321533203125
6 2 2 0.13084819593816063
6 2 3 0.3102827684190475 ;

# 21 cost per kilo
param C_kg :=
1 1 1 0.0070495605468750035
1 1 2 0.0030595174524933127
1 1 3 8.114541859150757E-4
1 2 1 0.0028198242187500006
1 2 2 0.0012238069809973242
1 2 3 3.245816743660299E-4
2 1 1 0.0070495605468750035
2 1 2 0.0030595174524933127
2 1 3 8.114541859150757E-4
2 2 1 0.0028198242187500006
2 2 2 0.0012238069809973242
2 2 3 3.245816743660299E-4
3 1 1 0.0070495605468750035
3 1 2 0.0030595174524933127
3 1 3 8.114541859150757E-4
3 2 1 0.0028198242187500006
3 2 2 0.0012238069809973242
3 2 3 3.245816743660299E-4
4 1 1 0.0070495605468750035
4 1 2 0.0030595174524933127
4 1 3 8.114541859150757E-4
4 2 1 0.0028198242187500006
4 2 2 0.0012238069809973242
4 2 3 3.245816743660299E-4
5 1 1 0.0070495605468750035
5 1 2 0.0030595174524933127
5 1 3 8.114541859150757E-4
5 2 1 0.0028198242187500006
5 2 2 0.0012238069809973242
5 2 3 3.245816743660299E-4
6 1 1 0.0070495605468750035
6 1 2 0.0030595174524933127
6 1 3 8.114541859150757E-4
6 2 1 0.0028198242187500006
6 2 2 0.0012238069809973242
6 2 3 3.245816743660299E-4 ;

# 22 fixed costs
param C_fix :=
1 1 1 86.0625
1 1 2 202.5
1 1 3 764.94375
1 2 1 653.537109375
1 2 2 1537.734375
1 2 3 5808.7916015625
2 1 1 86.0625
2 1 2 202.5
2 1 3 764.94375
2 2 1 653.537109375
2 2 2 1537.734375
2 2 3 5808.7916015625
3 1 1 100.68095232000002
3 1 2 236.89635840000005
3 1 3 894.8759938560002
3 2 1 930.1870876292295
3 2 2 2188.6755003040694
3 2 3 8267.721702398621
4 1 1 100.68095232000002
4 1 2 236.89635840000005
4 1 3 894.8759938560002
4 2 1 930.1870876292295
4 2 2 2188.6755003040694
4 2 3 8267.721702398621
5 1 1 122.97711871999996
5 1 2 289.35792639999994
5 1 3 1093.0495669759996
5 2 1 1458.9605667660978
5 2 2 3432.848392390819
5 2 3 12967.584802256317
6 1 1 122.97711871999996
6 1 2 289.35792639999994
6 1 3 1093.0495669759996
6 2 1 1458.9605667660978
6 2 2 3432.848392390819
6 2 3 12967.584802256317 ;

# 23 stopping costs
param C_stop_2 :=
1 1 29.0
1 2 21.0
1 3 22.0
1 4 28.0
1 5 26.0
1 6 25.0
1 7 22.0
2 1 29.0
2 2 21.0
2 3 22.0
2 4 28.0
2 5 26.0
2 6 25.0
2 7 22.0
3 1 43.5
3 2 31.5
3 3 33.0
3 4 42.0
3 5 39.0
3 6 37.5
3 7 33.0
4 1 43.5
4 2 31.5
4 3 33.0
4 4 42.0
4 5 39.0
4 6 37.5
4 7 33.0
5 1 58.0
5 2 42.0
5 3 44.0
5 4 56.0
5 5 52.0
5 6 50.0
5 7 44.0
6 1 58.0
6 2 42.0
6 3 44.0
6 4 56.0
6 5 52.0
6 6 50.0
6 7 44.0 ;

# 24 cost of no transport
param C_2 :=
1 47335.27333035707
2 78105.131545487
3 110495.55172596408
4 68738.69705004345
5 92853.30405916071
6 70822.1512493527
7 105870.24665583133
8 105853.82751047476
9 88241.3760380752
10 263934.45724781277 ;

# 25 timewindow amounts at location
param pi_2 :=
1 4
2 3
3 4
4 3
5 4
6 4
7 4 ;

# 26 timewindow lower bounds
param T_l_2 :=
1 1 60.0
1 2 420.0
1 3 1500.0
1 4 1860.0
2 1 60.0
2 2 1500.0
2 3 2940.0
2 4 . 
3 1 120.0
3 2 540.0
3 3 1560.0
3 4 1920.0
4 1 120.0
4 2 1560.0
4 3 3000.0
4 4 . 
5 1 120.0
5 2 360.0
5 3 1560.0
5 4 1800.0
6 1 120.0
6 2 480.0
6 3 1560.0
6 4 1860.0
7 1 60.0
7 2 1500.0
7 3 2940.0
7 4 4380.0 ;

# 27 timewindow upper bounds
param T_u_2 :=
1 1 360.0
1 2 720.0
1 3 1800.0
1 4 2160.0
2 1 240.0
2 2 1800.0
2 3 3240.0
2 4 . 
3 1 420.0
3 2 720.0
3 3 1860.0
3 4 2100.0
4 1 360.0
4 2 1740.0
4 3 3180.0
4 4 . 
5 1 300.0
5 2 600.0
5 3 1740.0
5 4 2040.0
6 1 360.0
6 2 780.0
6 3 1800.0
6 4 2160.0
7 1 240.0
7 2 1680.0
7 3 3120.0
7 4 4560.0 ;

# 28 Travel time
param T_2 :=
1 1 1 . 
1 1 2 254.46508424162047
1 1 3 633.091838658327
1 1 4 647.2017975025394
1 1 5 241.90122560904922
1 1 6 387.6929793308822
1 1 7 553.7052775995483
1 2 1 254.46508424162047
1 2 2 . 
1 2 3 589.8400262455891
1 2 4 573.1900990109345
1 2 5 1.4999999999999998
1 2 6 402.2612423365887
1 2 7 498.29790216698194
1 3 1 633.091838658327
1 3 2 589.8400262455891
1 3 3 . 
1 3 4 1065.4330024034746
1 3 5 630.0525721418131
1 3 6 802.260819882235
1 3 7 1201.579378635606
1 4 1 647.2017975025394
1 4 2 573.1900990109345
1 4 3 1065.4330024034746
1 4 4 . 
1 4 5 503.919126278479
1 4 6 324.86935005728924
1 4 7 1.118033988749895
1 5 1 241.90122560904922
1 5 2 1.4999999999999998
1 5 3 630.0525721418131
1 5 4 503.919126278479
1 5 5 . 
1 5 6 445.76229076780874
1 5 7 542.028804619761
1 6 1 387.6929793308822
1 6 2 402.2612423365887
1 6 3 802.260819882235
1 6 4 324.86935005728924
1 6 5 445.76229076780874
1 6 6 . 
1 6 7 292.81430133583234
1 7 1 553.7052775995483
1 7 2 498.29790216698194
1 7 3 1201.579378635606
1 7 4 1.118033988749895
1 7 5 542.028804619761
1 7 6 292.81430133583234
1 7 7 . 
2 1 1 . 
2 1 2 254.46508424162047
2 1 3 633.091838658327
2 1 4 647.2017975025394
2 1 5 241.90122560904922
2 1 6 387.6929793308822
2 1 7 553.7052775995483
2 2 1 254.46508424162047
2 2 2 . 
2 2 3 589.8400262455891
2 2 4 573.1900990109345
2 2 5 1.4999999999999998
2 2 6 402.2612423365887
2 2 7 498.29790216698194
2 3 1 633.091838658327
2 3 2 589.8400262455891
2 3 3 . 
2 3 4 1065.4330024034746
2 3 5 630.0525721418131
2 3 6 802.260819882235
2 3 7 1201.579378635606
2 4 1 647.2017975025394
2 4 2 573.1900990109345
2 4 3 1065.4330024034746
2 4 4 . 
2 4 5 503.919126278479
2 4 6 324.86935005728924
2 4 7 1.118033988749895
2 5 1 241.90122560904922
2 5 2 1.4999999999999998
2 5 3 630.0525721418131
2 5 4 503.919126278479
2 5 5 . 
2 5 6 445.76229076780874
2 5 7 542.028804619761
2 6 1 387.6929793308822
2 6 2 402.2612423365887
2 6 3 802.260819882235
2 6 4 324.86935005728924
2 6 5 445.76229076780874
2 6 6 . 
2 6 7 292.81430133583234
2 7 1 553.7052775995483
2 7 2 498.29790216698194
2 7 3 1201.579378635606
2 7 4 1.118033988749895
2 7 5 542.028804619761
2 7 6 292.81430133583234
2 7 7 . 
3 1 1 . 
3 1 2 260.826711347661
3 1 3 648.9191346247851
3 1 4 663.3818424401029
3 1 5 247.94875624927542
3 1 6 397.38530381415427
3 1 7 567.5479095395369
3 2 1 260.826711347661
3 2 2 . 
3 2 3 604.5860269017288
3 2 4 587.5198514862078
3 2 5 1.5374999999999996
3 2 6 412.31777339500337
3 2 7 510.75534972115645
3 3 1 648.9191346247851
3 3 2 604.5860269017288
3 3 3 . 
3 3 4 1092.0688274635613
3 3 5 645.8038864453584
3 3 6 822.3173403792907
3 3 7 1231.6188631014961
3 4 1 663.3818424401029
3 4 2 587.5198514862078
3 4 3 1092.0688274635613
3 4 4 . 
3 4 5 516.517104435441
3 4 6 332.99108380872144
3 4 7 1.1459848384686422
3 5 1 247.94875624927542
3 5 2 1.5374999999999996
3 5 3 645.8038864453584
3 5 4 516.517104435441
3 5 5 . 
3 5 6 456.9063480370039
3 5 7 555.579524735255
3 6 1 397.38530381415427
3 6 2 412.31777339500337
3 6 3 822.3173403792907
3 6 4 332.99108380872144
3 6 5 456.9063480370039
3 6 6 . 
3 6 7 300.13465886922813
3 7 1 567.5479095395369
3 7 2 510.75534972115645
3 7 3 1231.6188631014961
3 7 4 1.1459848384686422
3 7 5 555.579524735255
3 7 6 300.13465886922813
3 7 7 . 
4 1 1 . 
4 1 2 260.826711347661
4 1 3 648.9191346247851
4 1 4 663.3818424401029
4 1 5 247.94875624927542
4 1 6 397.38530381415427
4 1 7 567.5479095395369
4 2 1 260.826711347661
4 2 2 . 
4 2 3 604.5860269017288
4 2 4 587.5198514862078
4 2 5 1.5374999999999996
4 2 6 412.31777339500337
4 2 7 510.75534972115645
4 3 1 648.9191346247851
4 3 2 604.5860269017288
4 3 3 . 
4 3 4 1092.0688274635613
4 3 5 645.8038864453584
4 3 6 822.3173403792907
4 3 7 1231.6188631014961
4 4 1 663.3818424401029
4 4 2 587.5198514862078
4 4 3 1092.0688274635613
4 4 4 . 
4 4 5 516.517104435441
4 4 6 332.99108380872144
4 4 7 1.1459848384686422
4 5 1 247.94875624927542
4 5 2 1.5374999999999996
4 5 3 645.8038864453584
4 5 4 516.517104435441
4 5 5 . 
4 5 6 456.9063480370039
4 5 7 555.579524735255
4 6 1 397.38530381415427
4 6 2 412.31777339500337
4 6 3 822.3173403792907
4 6 4 332.99108380872144
4 6 5 456.9063480370039
4 6 6 . 
4 6 7 300.13465886922813
4 7 1 567.5479095395369
4 7 2 510.75534972115645
4 7 3 1231.6188631014961
4 7 4 1.1459848384686422
4 7 5 555.579524735255
4 7 6 300.13465886922813
4 7 7 . 
5 1 1 . 
5 1 2 267.18833845370153
5 1 3 664.7464305912433
5 1 4 679.5618873776664
5 1 5 253.9962868895017
5 1 6 407.0776282974264
5 1 7 581.3905414795257
5 2 1 267.18833845370153
5 2 2 . 
5 2 3 619.3320275578686
5 2 4 601.8496039614813
5 2 5 1.5749999999999997
5 2 6 422.3743044534181
5 2 7 523.212797275331
5 3 1 664.7464305912433
5 3 2 619.3320275578686
5 3 3 . 
5 3 4 1118.7046525236483
5 3 5 661.5552007489038
5 3 6 842.3738608763467
5 3 7 1261.6583475673863
5 4 1 679.5618873776664
5 4 2 601.8496039614813
5 4 3 1118.7046525236483
5 4 4 . 
5 4 5 529.1150825924029
5 4 6 341.1128175601537
5 4 7 1.1739356881873897
5 5 1 253.9962868895017
5 5 2 1.5749999999999997
5 5 3 661.5552007489038
5 5 4 529.1150825924029
5 5 5 . 
5 5 6 468.0504053061992
5 5 7 569.130244850749
5 6 1 407.0776282974264
5 6 2 422.3743044534181
5 6 3 842.3738608763467
5 6 4 341.1128175601537
5 6 5 468.0504053061992
5 6 6 . 
5 6 7 307.455016402624
5 7 1 581.3905414795257
5 7 2 523.212797275331
5 7 3 1261.6583475673863
5 7 4 1.1739356881873897
5 7 5 569.130244850749
5 7 6 307.455016402624
5 7 7 . 
6 1 1 . 
6 1 2 267.18833845370153
6 1 3 664.7464305912433
6 1 4 679.5618873776664
6 1 5 253.9962868895017
6 1 6 407.0776282974264
6 1 7 581.3905414795257
6 2 1 267.18833845370153
6 2 2 . 
6 2 3 619.3320275578686
6 2 4 601.8496039614813
6 2 5 1.5749999999999997
6 2 6 422.3743044534181
6 2 7 523.212797275331
6 3 1 664.7464305912433
6 3 2 619.3320275578686
6 3 3 . 
6 3 4 1118.7046525236483
6 3 5 661.5552007489038
6 3 6 842.3738608763467
6 3 7 1261.6583475673863
6 4 1 679.5618873776664
6 4 2 601.8496039614813
6 4 3 1118.7046525236483
6 4 4 . 
6 4 5 529.1150825924029
6 4 6 341.1128175601537
6 4 7 1.1739356881873897
6 5 1 253.9962868895017
6 5 2 1.5749999999999997
6 5 3 661.5552007489038
6 5 4 529.1150825924029
6 5 5 . 
6 5 6 468.0504053061992
6 5 7 569.130244850749
6 6 1 407.0776282974264
6 6 2 422.3743044534181
6 6 3 842.3738608763467
6 6 4 341.1128175601537
6 6 5 468.0504053061992
6 6 6 . 
6 6 7 307.455016402624
6 7 1 581.3905414795257
6 7 2 523.212797275331
6 7 3 1261.6583475673863
6 7 4 1.1739356881873897
6 7 5 569.130244850749
6 7 6 307.455016402624
6 7 7 . ;

# 29 Travel distance
param D_2 :=
1 1 . 
1 2 400.930168483241
1 3 920.183677316654
1 4 1090.4035950050788
1 5 399.80245121809844
1 6 689.3859586617644
1 7 1091.4105551990965
2 1 400.930168483241
2 2 . 
2 3 929.6800524911782
2 4 948.3801980218693
2 5 3.0
2 6 750.5224846731775
2 7 948.5958043339639
3 1 920.183677316654
3 2 929.6800524911782
3 3 . 
3 4 1876.8660048069494
3 5 932.1051442836264
3 6 1588.52163976447
3 7 1877.1587572712117
4 1 1090.4035950050788
4 2 948.3801980218693
4 3 1876.8660048069494
4 4 . 
4 5 945.8382525569581
4 6 533.7387001145786
4 7 2.23606797749979
5 1 399.80245121809844
5 2 3.0
5 3 932.1051442836264
5 4 945.8382525569581
5 5 . 
5 6 747.5245815356175
5 7 946.057609239522
6 1 689.3859586617644
6 2 750.5224846731775
6 3 1588.52163976447
6 4 533.7387001145786
6 5 747.5245815356175
6 6 . 
6 7 535.6286026716647
7 1 1091.4105551990965
7 2 948.5958043339639
7 3 1877.1587572712117
7 4 2.23606797749979
7 5 946.057609239522
7 6 535.6286026716647
7 7 . ;

