# 1 amount of Vehicles
param nv :=
4 ;

# 2 amount of Orders
param no :=
7 ;

# 3 amount of locations
param nl :=
10 ;

# 4 amount of factories
param nf :=
4 ;

# 5 factory sets
set N_f_2[1] :=  6 ;
set N_f_2[2] :=  7 ;
set N_f_2[3] :=  8 10 ;
set N_f_2[4] :=  9 ;

# 6 factory stop capacities
param H :=
1 1
2 1
3 2
4 1 ;

# 7 pickup locations for each order
param L_pd :=
1 4
2 2
3 3
4 1
5 5
6 3
7 2 ;

# 8 delivery locations for each order
param L_dd :=
1 8
2 6
3 9
4 7
5 10
6 10
7 10 ;

# 9 location sets
set L_2[1] :=  4 ;
set L_2[2] :=  2 7 ;
set L_2[3] :=  3 6 ;
set L_2[4] :=  1 ;
set L_2[5] :=  5 ;
set L_2[6] :=  2 ;
set L_2[7] :=  4 ;
set L_2[8] :=  1 ;
set L_2[9] :=  3 ;
set L_2[10] :=  5 6 7 ;

# 10 order weights
param Q_kg_2 :=
1 609.8109635629852
2 599.1466605850036
3 1282.6921472858721
4 1545.633087815289
5 135.0274855713006
6 54.58070433588058
7 5784.046943503555 ;

# 11 order volumes
param Q_vol_2 :=
1 5.485347316390299
2 1.4714880368954055
3 6.638218057847585
4 5.040718459088146
5 0.9506386663233266
6 0.6024216808332501
7 58.9176140480513 ;

# 12 Locations vehicle can visit
set N_v_2[1] := 1 2 3 4 5 6 7 8 9 10 ;
set N_v_2[2] := 1 2 3 4 5 6 7 8 9 10 ;
set N_v_2[3] := 1 2 3 4 5 6 7 8 9 10 ;
set N_v_2[4] := 1 2 3 4 5 6 7 8 9 10 ;

# 13 Orders vehicles can pick up
set N_vp_2[1] := 1 2 3 4 6 ;
set N_vp_2[2] := 1 2 3 4 5 6 7 ;
set N_vp_2[3] := 1 2 3 4 5 6 7 ;
set N_vp_2[4] := 1 2 3 4 5 6 7 ;

# 14 vehicle weight capacity
param K_kg :=
1 12000.0
2 18000.0
3 24000.0
4 24000.0 ;

# 15 vehicle volume capacity
param K_vol :=
1 55.0
2 71.0
3 102.0
4 102.0 ;

# 16 amount of distance intervals
param na :=
1 2
2 2
3 2
4 2 ;

# 17 amount of weight intervals
param nb :=
1 2
2 3
3 2
4 2 ;

# 18 Distance intervals
param B_2 :=
1 1 1500.0
1 2 9999999.0
2 1 1500.0
2 2 9999999.0
3 1 1500.0
3 2 9999999.0
4 1 1500.0
4 2 9999999.0 ;

# 19 Weight intervals
param Z_2 :=
1 1 1500.0
1 2 24000.0
1 3 . 
2 1 700.0
2 2 3000.0
2 3 24000.0
3 1 1500.0
3 2 24000.0
3 3 . 
4 1 1500.0
4 2 24000.0
4 3 . ;

# 20 cost per kilometer
param C_km :=
1 1 1 0.11574494469165798
1 1 2 0.3723393221028571
1 1 3 . 
1 2 1 0.07716329646110535
1 2 2 0.2482262147352381
1 2 3 . 
2 1 1 0.09622650146484377
2 1 2 0.18318747431342491
2 1 3 0.43439587578666683
2 2 1 0.060485229492187494
2 2 2 0.11514641242558135
2 2 3 0.2730488362087619
3 1 1 0.1543265929222107
3 1 2 0.4964524294704762
3 1 3 . 
3 2 1 0.09645412057638168
3 2 2 0.3102827684190475
3 2 3 . 
4 1 1 0.1543265929222107
4 1 2 0.4964524294704762
4 1 3 . 
4 2 1 0.09645412057638168
4 2 2 0.3102827684190475
4 2 3 . ;

# 21 cost per kilo
param C_kg :=
1 1 1 0.004564315080642704
1 1 2 8.114541859150757E-4
1 1 3 . 
1 2 1 0.0018257260322570804
1 2 2 3.245816743660299E-4
1 2 3 . 
2 1 1 0.0070495605468750035
2 1 2 0.0030595174524933127
2 1 3 8.114541859150757E-4
2 2 1 0.0028198242187500006
2 2 2 0.0012238069809973242
2 2 3 3.245816743660299E-4
3 1 1 0.004564315080642704
3 1 2 8.114541859150757E-4
3 1 3 . 
3 2 1 0.0018257260322570804
3 2 2 3.245816743660299E-4
3 2 3 . 
4 1 1 0.004564315080642704
4 1 2 8.114541859150757E-4
4 1 3 . 
4 2 1 0.0018257260322570804
4 2 2 3.245816743660299E-4
4 2 3 . ;

# 22 fixed costs
param C_fix :=
1 1 1 136.6875
1 1 2 764.94375
1 1 3 . 
1 2 1 1037.970703125
1 2 2 5808.7916015625
1 2 3 . 
2 1 1 100.68095232000002
2 1 2 236.89635840000005
2 1 3 894.8759938560002
2 2 1 930.1870876292295
2 2 2 2188.6755003040694
2 2 3 8267.721702398621
3 1 1 195.31660031999994
3 1 2 1093.0495669759996
3 1 3 . 
3 2 1 2317.1726648638028
3 2 2 12967.584802256317
3 2 3 . 
4 1 1 195.31660031999994
4 1 2 1093.0495669759996
4 1 3 . 
4 2 1 2317.1726648638028
4 2 2 12967.584802256317
4 2 3 . ;

# 23 stopping costs
param C_stop_2 :=
1 1 26.0
1 2 20.0
1 3 30.0
1 4 25.0
1 5 28.0
1 6 30.0
1 7 27.0
1 8 23.0
1 9 30.0
1 10 20.0
2 1 39.0
2 2 30.0
2 3 45.0
2 4 37.5
2 5 42.0
2 6 45.0
2 7 40.5
2 8 34.5
2 9 45.0
2 10 30.0
3 1 52.0
3 2 40.0
3 3 60.0
3 4 50.0
3 5 56.0
3 6 60.0
3 7 54.0
3 8 46.0
3 9 60.0
3 10 40.0
4 1 52.0
4 2 40.0
4 3 60.0
4 4 50.0
4 5 56.0
4 6 60.0
4 7 54.0
4 8 46.0
4 9 60.0
4 10 40.0 ;

# 24 cost of no transport
param C_2 :=
1 39272.475094800146
2 47175.60286666503
3 56912.5060941737
4 56182.94746262742
5 35962.48005007403
6 34704.279033924606
7 142821.72100523475 ;

# 25 timewindow amounts at location
param pi_2 :=
1 3
2 3
3 3
4 4
5 3
6 4
7 4
8 3
9 3
10 3 ;

# 26 timewindow lower bounds
param T_l_2 :=
1 1 120.0
1 2 1560.0
1 3 3000.0
1 4 . 
2 1 60.0
2 2 420.0
2 3 1500.0
2 4 . 
3 1 120.0
3 2 1560.0
3 3 3000.0
3 4 . 
4 1 60.0
4 2 1500.0
4 3 2940.0
4 4 4380.0
5 1 0.0
5 2 1440.0
5 3 2880.0
5 4 . 
6 1 0.0
6 2 240.0
6 3 1440.0
6 4 1680.0
7 1 60.0
7 2 420.0
7 3 1500.0
7 4 1860.0
8 1 120.0
8 2 1560.0
8 3 3000.0
8 4 . 
9 1 120.0
9 2 1560.0
9 3 3000.0
9 4 . 
10 1 0.0
10 2 1440.0
10 3 2880.0
10 4 . ;

# 27 timewindow upper bounds
param T_u_2 :=
1 1 360.0
1 2 1740.0
1 3 3180.0
1 4 . 
2 1 300.0
2 2 660.0
2 3 1740.0
2 4 . 
3 1 360.0
3 2 1740.0
3 3 3180.0
3 4 . 
4 1 360.0
4 2 1740.0
4 3 3180.0
4 4 4620.0
5 1 180.0
5 2 1680.0
5 3 3120.0
5 4 . 
6 1 180.0
6 2 480.0
6 3 1620.0
6 4 1920.0
7 1 360.0
7 2 660.0
7 3 1800.0
7 4 2100.0
8 1 300.0
8 2 1740.0
8 3 3180.0
8 4 . 
9 1 300.0
9 2 1800.0
9 3 3240.0
9 4 . 
10 1 240.0
10 2 1620.0
10 3 3060.0
10 4 . ;

# 28 Travel time
param T_2 :=
1 1 1 . 
1 1 2 0.5
1 1 3 224.79824194549835
1 1 4 238.78352721868822
1 1 5 195.95117637944992
1 1 6 366.9635238138113
1 1 7 334.4316354231063
1 1 8 140.04410811016967
1 1 9 225.26721658138703
1 1 10 130.56032689982834
1 2 1 0.5
1 2 2 . 
1 2 3 203.96725871431013
1 2 4 288.29991003147074
1 2 5 188.12495380634994
1 2 6 340.54413706532637
1 2 7 275.9717417652724
1 2 8 131.544325296887
1 2 9 248.78352721868822
1 2 10 105.06062536913176
1 3 1 224.79824194549835
1 3 2 203.96725871431013
1 3 3 . 
1 3 4 401.3209430957402
1 3 5 2.06155281280883
1 3 6 355.1624978895434
1 3 7 302.1411094174375
1 3 8 226.92753262938098
1 3 9 355.78944272445653
1 3 10 279.9341718288759
1 4 1 238.78352721868822
1 4 2 288.29991003147074
1 4 3 401.3209430957402
1 4 4 . 
1 4 5 313.36962906567425
1 4 6 137.62540027388758
1 4 7 63.35456045083369
1 4 8 154.15030237966667
1 4 9 0.5
1 4 10 141.82546332150332
1 5 1 195.95117637944992
1 5 2 188.12495380634994
1 5 3 2.06155281280883
1 5 4 313.36962906567425
1 5 5 . 
1 5 6 410.12758764387036
1 5 7 387.19894805866767
1 5 8 263.68948153131714
1 5 9 357.8382659421408
1 5 10 309.69277546729495
1 6 1 366.9635238138113
1 6 2 340.54413706532637
1 6 3 355.1624978895434
1 6 4 137.62540027388758
1 6 5 410.12758764387036
1 6 6 . 
1 6 7 103.335638967165
1 6 8 291.79356624028344
1 6 9 170.4047286570374
1 6 10 294.50049504901966
1 7 1 334.4316354231063
1 7 2 275.9717417652724
1 7 3 302.1411094174375
1 7 4 63.35456045083369
1 7 5 387.19894805866767
1 7 6 103.335638967165
1 7 7 . 
1 7 8 205.10485346480147
1 7 9 53.11765535785354
1 7 10 232.80560631741764
1 8 1 140.04410811016967
1 8 2 131.544325296887
1 8 3 226.92753262938098
1 8 4 154.15030237966667
1 8 5 263.68948153131714
1 8 6 291.79356624028344
1 8 7 205.10485346480147
1 8 8 . 
1 8 9 130.59335130557878
1 8 10 0.7071067811865475
1 9 1 225.26721658138703
1 9 2 248.78352721868822
1 9 3 355.78944272445653
1 9 4 0.5
1 9 5 357.8382659421408
1 9 6 170.4047286570374
1 9 7 53.11765535785354
1 9 8 130.59335130557878
1 9 9 . 
1 9 10 154.26813219042037
1 10 1 130.56032689982834
1 10 2 105.06062536913176
1 10 3 279.9341718288759
1 10 4 141.82546332150332
1 10 5 309.69277546729495
1 10 6 294.50049504901966
1 10 7 232.80560631741764
1 10 8 0.7071067811865475
1 10 9 154.26813219042037
1 10 10 . 
2 1 1 . 
2 1 2 0.5125
2 1 3 230.4181979941358
2 1 4 244.7531153991554
2 1 5 200.84995578893614
2 1 6 376.1376119091566
2 1 7 342.7924263086839
2 1 8 143.5452108129239
2 1 9 230.8988969959217
2 1 10 133.82433507232403
2 2 1 0.5125
2 2 2 . 
2 2 3 209.06644018216787
2 2 4 295.5074077822575
2 2 5 192.82807765150866
2 2 6 349.0577404919595
2 2 7 282.8710353094042
2 2 8 134.83293342930915
2 2 9 255.0031153991554
2 2 10 107.68714100336004
2 3 1 230.4181979941358
2 3 2 209.06644018216787
2 3 3 . 
2 3 4 411.35396667313364
2 3 5 2.1130916331290504
2 3 6 364.0415603367819
2 3 7 309.69463715287344
2 3 8 232.60072094511548
2 3 9 364.68417879256793
2 3 10 286.93252612459776
2 4 1 244.7531153991554
2 4 2 295.5074077822575
2 4 3 411.35396667313364
2 4 4 . 
2 4 5 321.2038697923161
2 4 6 141.06603528073475
2 4 7 64.93842446210452
2 4 8 158.0040599391583
2 4 9 0.5125
2 4 10 145.3710999045409
2 5 1 200.84995578893614
2 5 2 192.82807765150866
2 5 3 2.1130916331290504
2 5 4 321.2038697923161
2 5 5 . 
2 5 6 420.3807773349671
2 5 7 396.87892176013435
2 5 8 270.28171856960006
2 5 9 366.7842225906943
2 5 10 317.4350948539773
2 6 1 376.1376119091566
2 6 2 349.0577404919595
2 6 3 364.0415603367819
2 6 4 141.06603528073475
2 6 5 420.3807773349671
2 6 6 . 
2 6 7 105.9190299413441
2 6 8 299.0884053962905
2 6 9 174.66484687346332
2 6 10 301.86300742524514
2 7 1 342.7924263086839
2 7 2 282.8710353094042
2 7 3 309.69463715287344
2 7 4 64.93842446210452
2 7 5 396.87892176013435
2 7 6 105.9190299413441
2 7 7 . 
2 7 8 210.2324748014215
2 7 9 54.445596741799875
2 7 10 238.62574647535305
2 8 1 143.5452108129239
2 8 2 134.83293342930915
2 8 3 232.60072094511548
2 8 4 158.0040599391583
2 8 5 270.28171856960006
2 8 6 299.0884053962905
2 8 7 210.2324748014215
2 8 8 . 
2 8 9 133.85818508821825
2 8 10 0.7247844507162111
2 9 1 230.8988969959217
2 9 2 255.0031153991554
2 9 3 364.68417879256793
2 9 4 0.5125
2 9 5 366.7842225906943
2 9 6 174.66484687346332
2 9 7 54.445596741799875
2 9 8 133.85818508821825
2 9 9 . 
2 9 10 158.12483549518086
2 10 1 133.82433507232403
2 10 2 107.68714100336004
2 10 3 286.93252612459776
2 10 4 145.3710999045409
2 10 5 317.4350948539773
2 10 6 301.86300742524514
2 10 7 238.62574647535305
2 10 8 0.7247844507162111
2 10 9 158.12483549518086
2 10 10 . 
3 1 1 . 
3 1 2 0.525
3 1 3 236.03815404277327
3 1 4 250.72270357962265
3 1 5 205.74873519842242
3 1 6 385.3117000045019
3 1 7 351.15321719426163
3 1 8 147.04631351567815
3 1 9 236.5305774104564
3 1 10 137.08834324481975
3 2 1 0.525
3 2 2 . 
3 2 3 214.16562165002566
3 2 4 302.7149055330443
3 2 5 197.53120149666745
3 2 6 357.5713439185927
3 2 7 289.770328853536
3 2 8 138.12154156173136
3 2 9 261.22270357962265
3 2 10 110.31365663758835
3 3 1 236.03815404277327
3 3 2 214.16562165002566
3 3 3 . 
3 3 4 421.3869902505272
3 3 5 2.1646304534492713
3 3 6 372.92062278402057
3 3 7 317.2481648883094
3 3 8 238.27390926085005
3 3 9 373.5789148606794
3 3 10 293.9308804203197
3 4 1 250.72270357962265
3 4 2 302.7149055330443
3 4 3 421.3869902505272
3 4 4 . 
3 4 5 329.038110518958
3 4 6 144.50667028758195
3 4 7 66.52228847337537
3 4 8 161.85781749865
3 4 9 0.525
3 4 10 148.9167364875785
3 5 1 205.74873519842242
3 5 2 197.53120149666745
3 5 3 2.1646304534492713
3 5 4 329.038110518958
3 5 5 . 
3 5 6 430.6339670260639
3 5 7 406.5588954616011
3 5 8 276.87395560788303
3 5 9 375.7301792392479
3 5 10 325.1774142406597
3 6 1 385.3117000045019
3 6 2 357.5713439185927
3 6 3 372.92062278402057
3 6 4 144.50667028758195
3 6 5 430.6339670260639
3 6 6 . 
3 6 7 108.50242091552325
3 6 8 306.38324455229764
3 6 9 178.92496508988927
3 6 10 309.2255198014707
3 7 1 351.15321719426163
3 7 2 289.770328853536
3 7 3 317.2481648883094
3 7 4 66.52228847337537
3 7 5 406.5588954616011
3 7 6 108.50242091552325
3 7 7 . 
3 7 8 215.36009613804154
3 7 9 55.77353812574622
3 7 10 244.44588663328852
3 8 1 147.04631351567815
3 8 2 138.12154156173136
3 8 3 238.27390926085005
3 8 4 161.85781749865
3 8 5 276.87395560788303
3 8 6 306.38324455229764
3 8 7 215.36009613804154
3 8 8 . 
3 8 9 137.12301887085772
3 8 10 0.7424621202458749
3 9 1 236.5305774104564
3 9 2 261.22270357962265
3 9 3 373.5789148606794
3 9 4 0.525
3 9 5 375.7301792392479
3 9 6 178.92496508988927
3 9 7 55.77353812574622
3 9 8 137.12301887085772
3 9 9 . 
3 9 10 161.9815387999414
3 10 1 137.08834324481975
3 10 2 110.31365663758835
3 10 3 293.9308804203197
3 10 4 148.9167364875785
3 10 5 325.1774142406597
3 10 6 309.2255198014707
3 10 7 244.44588663328852
3 10 8 0.7424621202458749
3 10 9 161.9815387999414
3 10 10 . 
4 1 1 . 
4 1 2 0.525
4 1 3 236.03815404277327
4 1 4 250.72270357962265
4 1 5 205.74873519842242
4 1 6 385.3117000045019
4 1 7 351.15321719426163
4 1 8 147.04631351567815
4 1 9 236.5305774104564
4 1 10 137.08834324481975
4 2 1 0.525
4 2 2 . 
4 2 3 214.16562165002566
4 2 4 302.7149055330443
4 2 5 197.53120149666745
4 2 6 357.5713439185927
4 2 7 289.770328853536
4 2 8 138.12154156173136
4 2 9 261.22270357962265
4 2 10 110.31365663758835
4 3 1 236.03815404277327
4 3 2 214.16562165002566
4 3 3 . 
4 3 4 421.3869902505272
4 3 5 2.1646304534492713
4 3 6 372.92062278402057
4 3 7 317.2481648883094
4 3 8 238.27390926085005
4 3 9 373.5789148606794
4 3 10 293.9308804203197
4 4 1 250.72270357962265
4 4 2 302.7149055330443
4 4 3 421.3869902505272
4 4 4 . 
4 4 5 329.038110518958
4 4 6 144.50667028758195
4 4 7 66.52228847337537
4 4 8 161.85781749865
4 4 9 0.525
4 4 10 148.9167364875785
4 5 1 205.74873519842242
4 5 2 197.53120149666745
4 5 3 2.1646304534492713
4 5 4 329.038110518958
4 5 5 . 
4 5 6 430.6339670260639
4 5 7 406.5588954616011
4 5 8 276.87395560788303
4 5 9 375.7301792392479
4 5 10 325.1774142406597
4 6 1 385.3117000045019
4 6 2 357.5713439185927
4 6 3 372.92062278402057
4 6 4 144.50667028758195
4 6 5 430.6339670260639
4 6 6 . 
4 6 7 108.50242091552325
4 6 8 306.38324455229764
4 6 9 178.92496508988927
4 6 10 309.2255198014707
4 7 1 351.15321719426163
4 7 2 289.770328853536
4 7 3 317.2481648883094
4 7 4 66.52228847337537
4 7 5 406.5588954616011
4 7 6 108.50242091552325
4 7 7 . 
4 7 8 215.36009613804154
4 7 9 55.77353812574622
4 7 10 244.44588663328852
4 8 1 147.04631351567815
4 8 2 138.12154156173136
4 8 3 238.27390926085005
4 8 4 161.85781749865
4 8 5 276.87395560788303
4 8 6 306.38324455229764
4 8 7 215.36009613804154
4 8 8 . 
4 8 9 137.12301887085772
4 8 10 0.7424621202458749
4 9 1 236.5305774104564
4 9 2 261.22270357962265
4 9 3 373.5789148606794
4 9 4 0.525
4 9 5 375.7301792392479
4 9 6 178.92496508988927
4 9 7 55.77353812574622
4 9 8 137.12301887085772
4 9 9 . 
4 9 10 161.9815387999414
4 10 1 137.08834324481975
4 10 2 110.31365663758835
4 10 3 293.9308804203197
4 10 4 148.9167364875785
4 10 5 325.1774142406597
4 10 6 309.2255198014707
4 10 7 244.44588663328852
4 10 8 0.7424621202458749
4 10 9 161.9815387999414
4 10 10 . ;

# 29 Travel distance
param D_2 :=
1 1 . 
1 2 1.0
1 3 335.5964838909967
1 4 445.56705443737644
1 5 337.90235275889984
1 6 657.9270476276226
1 7 522.8632708462127
1 8 204.08821622033938
1 9 446.5344331627741
1 10 203.1206537996567
2 1 1.0
2 2 . 
2 3 335.9345174286203
2 4 444.59982006294155
2 5 338.2499076126999
2 6 657.0882741306528
2 7 521.9434835305448
2 8 203.08865059377396
2 9 445.56705443737644
2 10 202.12125073826354
3 1 335.5964838909967
3 2 335.9345174286203
3 3 . 
3 4 580.6418861914804
3 5 4.123105625617661
3 6 666.3249957790867
3 7 604.2822188348752
3 8 451.85506525876195
3 9 581.5788854489131
3 10 451.8683436577517
4 1 445.56705443737644
4 2 444.59982006294155
4 3 580.6418861914804
4 4 . 
4 5 584.7392581313486
4 6 273.25080054777516
4 7 104.70912090166739
4 8 256.30060475933334
4 9 1.0
4 10 257.65092664300664
5 1 337.90235275889984
5 2 338.2499076126999
5 3 4.123105625617661
5 4 584.7392581313486
5 5 . 
5 6 670.2551752877407
5 7 608.3978961173353
5 8 455.3789630626342
5 9 585.6765318842816
5 10 455.38555093458996
6 1 657.9270476276226
6 2 657.0882741306528
6 3 666.3249957790867
6 4 273.25080054777516
6 5 670.2551752877407
6 6 . 
6 7 168.67127793433
6 8 503.5871324805669
6 9 272.8094573140748
6 10 505.0009900980393
7 1 522.8632708462127
7 2 521.9434835305448
7 3 604.2822188348752
7 4 104.70912090166739
7 5 608.3978961173353
7 6 168.67127793433
7 7 . 
7 8 348.209706929603
7 9 104.23531071570709
7 10 349.6112126348353
8 1 204.08821622033938
8 2 203.08865059377396
8 3 451.85506525876195
8 4 256.30060475933334
8 5 455.3789630626342
8 6 503.5871324805669
8 7 348.209706929603
8 8 . 
8 9 257.18670261115756
8 10 1.4142135623730951
9 1 446.5344331627741
9 2 445.56705443737644
9 3 581.5788854489131
9 4 1.0
9 5 585.6765318842816
9 6 272.8094573140748
9 7 104.23531071570709
9 8 257.18670261115756
9 9 . 
9 10 258.5362643808408
10 1 203.1206537996567
10 2 202.12125073826354
10 3 451.8683436577517
10 4 257.65092664300664
10 5 455.38555093458996
10 6 505.0009900980393
10 7 349.6112126348353
10 8 1.4142135623730951
10 9 258.5362643808408
10 10 . ;

