# 1 amount of Vehicles
param nv :=
3 ;

# 2 amount of Orders
param no :=
4 ;

# 3 amount of locations
param nl :=
7 ;

# 4 amount of factories
param nf :=
3 ;

# 5 factory sets
set N_f_2[1] :=  4 ;
set N_f_2[2] :=  5 ;
set N_f_2[3] :=  6 7 ;

# 6 factory stop capacities
param H :=
1 1
2 1
3 2 ;

# 7 pickup locations for each order
param L_pd :=
1 3
2 2
3 1
4 3 ;

# 8 delivery locations for each order
param L_dd :=
1 5
2 4
3 6
4 7 ;

# 9 location sets
set L_2[1] :=  3 ;
set L_2[2] :=  2 ;
set L_2[3] :=  1 4 ;
set L_2[4] :=  2 ;
set L_2[5] :=  1 ;
set L_2[6] :=  3 ;
set L_2[7] :=  4 ;

# 10 order weights
param Q_kg_2 :=
1 542.134057464802
2 7721.743587823435
3 680.249747849357
4 8275.693707076442 ;

# 11 order volumes
param Q_vol_2 :=
1 5.78669495969369
2 57.45803792461859
3 2.6617030273276985
4 37.33436934124091 ;

# 12 Locations vehicle can visit
set N_v_2[1] := 1 2 3 4 5 6 7 ;
set N_v_2[2] := 1 2 3 4 5 6 7 ;
set N_v_2[3] := 1 2 3 4 5 6 7 ;

# 13 Orders vehicles can pick up
set N_vp_2[1] := 1 3 4 ;
set N_vp_2[2] := 1 2 3 4 ;
set N_vp_2[3] := 1 2 3 4 ;

# 14 vehicle weight capacity
param K_kg :=
1 12000.0
2 18000.0
3 24000.0 ;

# 15 vehicle volume capacity
param K_vol :=
1 55.0
2 71.0
3 102.0 ;

# 16 amount of distance intervals
param na :=
1 2
2 2
3 2 ;

# 17 amount of weight intervals
param nb :=
1 3
2 3
3 2 ;

# 18 Distance intervals
param B_2 :=
1 1 1500.0
1 2 9999999.0
2 1 1500.0
2 2 9999999.0
3 1 1500.0
3 2 9999999.0 ;

# 19 Weight intervals
param Z_2 :=
1 1 700.0
1 2 3000.0
1 3 24000.0
2 1 700.0
2 2 3000.0
2 3 24000.0
3 1 1500.0
3 2 24000.0
3 3 . ;

# 20 cost per kilometer
param C_km :=
1 1 1 0.08247985839843748
1 1 2 0.15701783512579273
1 1 3 0.3723393221028571
1 2 1 0.05498657226562501
1 2 2 0.10467855675052853
1 2 3 0.2482262147352381
2 1 1 0.09622650146484377
2 1 2 0.18318747431342491
2 1 3 0.43439587578666683
2 2 1 0.060485229492187494
2 2 2 0.11514641242558135
2 2 3 0.2730488362087619
3 1 1 0.1543265929222107
3 1 2 0.4964524294704762
3 1 3 . 
3 2 1 0.09645412057638168
3 2 2 0.3102827684190475
3 2 3 . ;

# 21 cost per kilo
param C_kg :=
1 1 1 0.0070495605468750035
1 1 2 0.0030595174524933127
1 1 3 8.114541859150757E-4
1 2 1 0.0028198242187500006
1 2 2 0.0012238069809973242
1 2 3 3.245816743660299E-4
2 1 1 0.0070495605468750035
2 1 2 0.0030595174524933127
2 1 3 8.114541859150757E-4
2 2 1 0.0028198242187500006
2 2 2 0.0012238069809973242
2 2 3 3.245816743660299E-4
3 1 1 0.004564315080642704
3 1 2 8.114541859150757E-4
3 1 3 . 
3 2 1 0.0018257260322570804
3 2 2 3.245816743660299E-4
3 2 3 . ;

# 22 fixed costs
param C_fix :=
1 1 1 86.0625
1 1 2 202.5
1 1 3 764.94375
1 2 1 653.537109375
1 2 2 1537.734375
1 2 3 5808.7916015625
2 1 1 100.68095232000002
2 1 2 236.89635840000005
2 1 3 894.8759938560002
2 2 1 930.1870876292295
2 2 2 2188.6755003040694
2 2 3 8267.721702398621
3 1 1 195.31660031999994
3 1 2 1093.0495669759996
3 1 3 . 
3 2 1 2317.1726648638028
3 2 2 12967.584802256317
3 2 3 . ;

# 23 stopping costs
param C_stop_2 :=
1 1 22.0
1 2 23.0
1 3 29.0
1 4 20.0
1 5 26.0
1 6 21.0
1 7 20.0
2 1 33.0
2 2 34.5
2 3 43.5
2 4 30.0
2 5 39.0
2 6 31.5
2 7 30.0
3 1 44.0
3 2 46.0
3 3 58.0
3 4 40.0
3 5 52.0
3 6 42.0
3 7 40.0 ;

# 24 cost of no transport
param C_2 :=
1 43695.60535396634
2 168938.73079415754
3 47044.96840713889
4 150291.30641200533 ;

# 25 timewindow amounts at location
param pi_2 :=
1 4
2 4
3 3
4 3
5 4
6 3
7 4 ;

# 26 timewindow lower bounds
param T_l_2 :=
1 1 0.0
1 2 360.0
1 3 1440.0
1 4 1800.0
2 1 120.0
2 2 540.0
2 3 1560.0
2 4 1920.0
3 1 0.0
3 2 240.0
3 3 1440.0
3 4 . 
4 1 120.0
4 2 480.0
4 3 1560.0
4 4 . 
5 1 120.0
5 2 420.0
5 3 1560.0
5 4 1920.0
6 1 120.0
6 2 360.0
6 3 1560.0
6 4 . 
7 1 120.0
7 2 1560.0
7 3 3000.0
7 4 4440.0 ;

# 27 timewindow upper bounds
param T_u_2 :=
1 1 300.0
1 2 660.0
1 3 1740.0
1 4 2100.0
2 1 420.0
2 2 780.0
2 3 1860.0
2 4 2160.0
3 1 180.0
3 2 420.0
3 3 1620.0
3 4 . 
4 1 360.0
4 2 780.0
4 3 1800.0
4 4 . 
5 1 360.0
5 2 600.0
5 3 1800.0
5 4 2100.0
6 1 300.0
6 2 540.0
6 3 1740.0
6 4 . 
7 1 300.0
7 2 1740.0
7 3 3180.0
7 4 4620.0 ;

# 28 Travel time
param T_2 :=
1 1 1 . 
1 1 2 401.14000068695475
1 1 3 164.34527856108707
1 1 4 96.19347564382005
1 1 5 284.96173170517875
1 1 6 358.0127983552936
1 1 7 332.7887463684354
1 2 1 401.14000068695475
1 2 2 . 
1 2 3 225.51193987295355
1 2 4 299.7209498550769
1 2 5 187.22650209879288
1 2 6 2.0
1 2 7 3.2015621187164243
1 3 1 164.34527856108707
1 3 2 225.51193987295355
1 3 3 . 
1 3 4 91.43178564196754
1 3 5 254.12616366041055
1 3 6 221.5117989993617
1 3 7 216.0
1 4 1 96.19347564382005
1 4 2 299.7209498550769
1 4 3 91.43178564196754
1 4 4 . 
1 4 5 255.07257002740144
1 4 6 256.7149348705666
1 4 7 261.0676987851552
1 5 1 284.96173170517875
1 5 2 187.22650209879288
1 5 3 254.12616366041055
1 5 4 255.07257002740144
1 5 5 . 
1 5 6 188.65908316080464
1 5 7 227.82263194112633
1 6 1 358.0127983552936
1 6 2 2.0
1 6 3 221.5117989993617
1 6 4 256.7149348705666
1 6 5 188.65908316080464
1 6 6 . 
1 6 7 2.06155281280883
1 7 1 332.7887463684354
1 7 2 3.2015621187164243
1 7 3 216.0
1 7 4 261.0676987851552
1 7 5 227.82263194112633
1 7 6 2.06155281280883
1 7 7 . 
2 1 1 . 
2 1 2 411.1685007041286
2 1 3 168.45391052511422
2 1 4 98.59831253491555
2 1 5 292.0857749978082
2 1 6 366.9631183141759
2 1 7 341.1084650276463
2 2 1 411.1685007041286
2 2 2 . 
2 2 3 231.14973836977737
2 2 4 307.2139736014538
2 2 5 191.9071646512627
2 2 6 2.05
2 2 7 3.2816011716843345
2 3 1 168.45391052511422
2 3 2 231.14973836977737
2 3 3 . 
2 3 4 93.71758028301672
2 3 5 260.4793177519208
2 3 6 227.04959397434573
2 3 7 221.39999999999998
2 4 1 98.59831253491555
2 4 2 307.2139736014538
2 4 3 93.71758028301672
2 4 4 . 
2 4 5 261.4493842780864
2 4 6 263.1328082423307
2 4 7 267.59439125478406
2 5 1 292.0857749978082
2 5 2 191.9071646512627
2 5 3 260.4793177519208
2 5 4 261.4493842780864
2 5 5 . 
2 5 6 193.37556023982475
2 5 7 233.51819773965448
2 6 1 366.9631183141759
2 6 2 2.05
2 6 3 227.04959397434573
2 6 4 263.1328082423307
2 6 5 193.37556023982475
2 6 6 . 
2 6 7 2.1130916331290504
2 7 1 341.1084650276463
2 7 2 3.2816011716843345
2 7 3 221.39999999999998
2 7 4 267.59439125478406
2 7 5 233.51819773965448
2 7 6 2.1130916331290504
2 7 7 . 
3 1 1 . 
3 1 2 421.1970007213025
3 1 3 172.56254248914144
3 1 4 101.00314942601106
3 1 5 299.2098182904377
3 1 6 375.9134382730583
3 1 7 349.4281836868572
3 2 1 421.1970007213025
3 2 2 . 
3 2 3 236.78753686660124
3 2 4 314.7069973478308
3 2 5 196.58782720373253
3 2 6 2.1
3 2 7 3.3616402246522457
3 3 1 172.56254248914144
3 3 2 236.78753686660124
3 3 3 . 
3 3 4 96.00337492406592
3 3 5 266.8324718434311
3 3 6 232.5873889493298
3 3 7 226.8
3 4 1 101.00314942601106
3 4 2 314.7069973478308
3 4 3 96.00337492406592
3 4 4 . 
3 4 5 267.8261985287715
3 4 6 269.5506816140949
3 4 7 274.121083724413
3 5 1 299.2098182904377
3 5 2 196.58782720373253
3 5 3 266.8324718434311
3 5 4 267.8261985287715
3 5 5 . 
3 5 6 198.0920373188449
3 5 7 239.21376353818266
3 6 1 375.9134382730583
3 6 2 2.1
3 6 3 232.5873889493298
3 6 4 269.5506816140949
3 6 5 198.0920373188449
3 6 6 . 
3 6 7 2.1646304534492713
3 7 1 349.4281836868572
3 7 2 3.3616402246522457
3 7 3 226.8
3 7 4 274.121083724413
3 7 5 239.21376353818266
3 7 6 2.1646304534492713
3 7 7 . ;

# 29 Travel distance
param D_2 :=
1 1 . 
1 2 582.2800013739095
1 3 290.69055712217414
1 4 182.3869512876401
1 5 489.9234634103576
1 6 586.0255967105874
1 7 585.5774927368708
2 1 582.2800013739095
2 2 . 
2 3 335.0238797459071
2 4 475.44189971015385
2 5 332.4530041975858
2 6 4.0
2 7 6.4031242374328485
3 1 290.69055712217414
3 2 335.0238797459071
3 3 . 
3 4 142.86357128393507
3 5 416.2523273208211
3 6 339.0235979987234
3 7 340.0
4 1 182.3869512876401
4 2 475.44189971015385
4 3 142.86357128393507
4 4 . 
4 5 496.14514005480294
4 6 479.42986974113325
4 7 480.1353975703104
5 1 489.9234634103576
5 2 332.4530041975858
5 3 416.2523273208211
5 4 496.14514005480294
5 5 . 
5 6 333.3181663216093
5 7 329.64526388225266
6 1 586.0255967105874
6 2 4.0
6 3 339.0235979987234
6 4 479.42986974113325
6 5 333.3181663216093
6 6 . 
6 7 4.123105625617661
7 1 585.5774927368708
7 2 6.4031242374328485
7 3 340.0
7 4 480.1353975703104
7 5 329.64526388225266
7 6 4.123105625617661
7 7 . ;

